Species Accumulation Curve
Accumulation method: random, with 1000 permutations
Call: specaccum(comm = NA_DM_collector_species_table, method = "random",      permutations = 1000) 

                                                                             
Sites    1.0000 2.0000 3.0000  4.0000  5.0000  6.0000  7.0000  8.0000  9.0000
Richness 2.7600 5.4420 7.8480 10.2980 12.4820 14.7070 16.5970 18.5780 20.4420
sd       5.6482 7.5623 8.9087  9.8871 10.7208 11.5463 11.9008 12.5464 13.0176
                                                                        
Sites    10.0000 11.0000 12.0000 13.0000 14.0000 15.0000 16.0000 17.0000
Richness 22.4210 24.1860 25.9750 27.7360 29.2200 30.8310 32.0910 33.2740
sd       13.4797 13.6883 13.9904 14.2602 14.3761 14.6368 14.6739 14.5945
                                                                        
Sites    18.0000 19.0000 20.0000 21.0000 22.0000 23.0000 24.0000 25.0000
Richness 34.5360 35.8420 36.9830 38.2540 39.3430 40.3320 41.3640 42.4600
sd       14.5944 14.7919 14.7887 14.7348 14.6114 14.5598 14.5956 14.6904
                                                                        
Sites    26.0000 27.0000 28.0000 29.0000 30.0000 31.0000 32.0000 33.0000
Richness 43.4410 44.7510 45.7850 46.8690 47.8340 48.6220 49.5990 50.3480
sd       14.7202 14.9096 14.9673 14.8966 14.7363 14.7556 14.7277 14.6489
                                                                        
Sites    34.0000 35.0000 36.0000 37.0000 38.0000 39.0000 40.0000 41.0000
Richness 51.1620 51.9430 52.6640 53.3670 54.1510 54.8720 55.6680 56.4040
sd       14.6109 14.5312 14.3818 14.3435 14.3319 14.2547 14.3088 14.3398
                                                                        
Sites    42.0000 43.0000 44.0000 45.0000 46.0000 47.0000 48.0000 49.0000
Richness 57.1350 57.8240 58.3860 59.0880 59.6900 60.3460 61.0190 61.7790
sd       14.3265 14.2707 14.1464 14.1131 14.0857 14.0728 14.0862 14.1351
                                                                        
Sites    50.0000 51.0000 52.0000 53.0000 54.0000 55.0000 56.0000 57.0000
Richness 62.4310 63.1110 63.6940 64.2740 64.9410 65.5230 66.0230 66.5470
sd       14.1359 14.1312 14.1128 14.0019 13.9588 14.0077 13.9247 13.8472
                                                                               
Sites    58.0000 59.0000 60.0000 61.0000 62.0000 63.0000 64.0000 65.0000 66.000
Richness 67.1450 67.7200 68.2950 68.8150 69.4420 69.9230 70.4540 70.9480 71.605
sd       13.7691 13.7086 13.6753 13.5951 13.6475 13.5533 13.5293 13.5403 13.530
                                                                              
Sites    67.0000 68.0000 69.0000 70.000 71.000 72.0000 73.0000 74.0000 75.0000
Richness 72.0690 72.6100 73.0890 73.629 74.016 74.5350 74.9560 75.4400 75.9200
sd       13.5236 13.4132 13.4061 13.439 13.369 13.4037 13.3722 13.3295 13.3768
                                                                             
Sites    76.0000 77.0000 78.0000 79.000 80.000 81.0000 82.0000 83.000 84.0000
Richness 76.4000 76.9030 77.3030 77.683 78.209 78.5710 78.9580 79.329 79.7070
sd       13.3707 13.3654 13.3993 13.396 13.416 13.3388 13.3059 13.286 13.2791
                                                                        
Sites    85.0000 86.0000 87.0000 88.0000 89.0000 90.0000 91.0000 92.0000
Richness 80.0660 80.4920 80.9360 81.2360 81.8080 82.1700 82.5310 82.9020
sd       13.2395 13.2168 13.1913 13.1372 13.1127 13.0825 13.0696 13.0621
                                                                        
Sites    93.0000 94.0000 95.000 96.0000 97.0000 98.0000 99.0000 100.0000
Richness 83.2810 83.6610 84.070 84.3480 84.7030 85.0580 85.5250  85.8390
sd       12.9983 12.9713 12.879 12.8399 12.8146 12.7234 12.6751  12.5975
                                                                               
Sites    101.0000 102.0000 103.000 104.0000 105.0000 106.0000 107.0000 108.0000
Richness  86.1700  86.5160  86.869  87.2400  87.5150  87.8280  88.1180  88.5020
sd        12.5639  12.5597  12.546  12.4849  12.4197  12.4248  12.3714  12.3657
                                                                               
Sites    109.0000 110.0000 111.0000 112.0000 113.000 114.0000 115.0000 116.0000
Richness  88.8410  89.1530  89.4410  89.8170  90.114  90.4840  90.7920  91.1050
sd        12.2963  12.2656  12.2283  12.1349  12.096  12.0664  12.1045  12.0079
                                                                       
Sites    117.0000 118.0000 119.0000 120.0000 121.0000 122.0000 123.0000
Richness  91.3710  91.6440  91.9440  92.3210  92.6240  92.9470  93.2830
sd        11.9912  11.9551  11.9106  11.9357  11.8924  11.9132  11.9249
                                                                              
Sites    124.0000 125.0000 126.000 127.0000 128.0000 129.000 130.0000 131.0000
Richness  93.5440  93.8740  94.163  94.4060  94.6840  94.961  95.2070  95.4280
sd        11.9285  11.8742  11.815  11.8299  11.7702  11.735  11.7334  11.7114
                                                                               
Sites    132.0000 133.0000 134.0000 135.000 136.0000 137.0000 138.0000 139.0000
Richness  95.7240  96.0060  96.2770  96.514  96.8320  97.1190  97.3930  97.6280
sd        11.7091  11.6841  11.6183  11.596  11.5634  11.5405  11.4776  11.4399
                                                                       
Sites    140.0000 141.0000 142.0000 143.0000 144.0000 145.0000 146.0000
Richness  97.8580  98.1430  98.4230  98.7080  98.9600  99.2020  99.4760
sd        11.4189  11.3883  11.3354  11.3039  11.3257  11.2915  11.2775
                                                                       
Sites    147.0000 148.0000 149.0000 150.0000 151.0000 152.0000 153.0000
Richness  99.7360  99.9630 100.2120 100.4450 100.6610 100.8870 101.1280
sd        11.2141  11.2147  11.1969  11.1464  11.1152  11.0487  11.0261
                                                                               
Sites    154.0000 155.0000 156.0000 157.000 158.0000 159.0000 160.0000 161.0000
Richness 101.3630 101.5570 101.7840 102.002 102.2910 102.5260 102.7390 102.9640
sd        11.0163  10.9848  10.9852  10.967  10.9323  10.9437  10.9122  10.9115
                                                                              
Sites    162.000 163.0000 164.0000 165.0000 166.0000 167.0000 168.0000 169.000
Richness 103.210 103.4230 103.5960 103.7880 103.9930 104.2230 104.4670 104.664
sd        10.885  10.8362  10.8361  10.8179  10.7923  10.7836  10.7779  10.789
                                                                       
Sites    170.0000 171.0000 172.0000 173.0000 174.0000 175.0000 176.0000
Richness 104.8420 105.0620 105.2970 105.5410 105.7540 105.9810 106.1590
sd        10.7737  10.7147  10.7108  10.6941  10.6601  10.5928  10.5758
                                                                             
Sites    177.0000 178.00 179.0000 180.0000 181.000 182.0000 183.0000 184.0000
Richness 106.3500 106.55 106.7360 106.9520 107.149 107.3450 107.5390 107.7290
sd        10.5789  10.51  10.5009  10.4917  10.511  10.4888  10.4669  10.4159
                                                                              
Sites    185.0000 186.0000 187.0000 188.0000 189.000 190.0000 191.0000 192.000
Richness 107.9050 108.0960 108.2800 108.5240 108.721 108.9000 109.0970 109.274
sd        10.3812  10.3662  10.3409  10.3075  10.272  10.2706  10.2097  10.176
                                                                               
Sites    193.000 194.0000 195.0000 196.0000 197.0000 198.0000 199.0000 200.0000
Richness 109.463 109.6410 109.8140 109.9970 110.1380 110.3140 110.4930 110.6600
sd        10.176  10.1147  10.0845  10.0922  10.0633  10.0585  10.0295  10.0228
                                                                       
Sites    201.0000 202.0000 203.0000 204.0000 205.0000 206.0000 207.0000
Richness 110.8530 111.0310 111.2050 111.3830 111.5790 111.7660 111.9710
sd        10.0236   9.9945   9.9729   9.9586   9.9359   9.9382   9.9459
                                                                               
Sites    208.0000 209.0000 210.0000 211.0000 212.0000 213.0000 214.000 215.0000
Richness 112.2110 112.3880 112.5220 112.7190 112.8750 113.0520 113.233 113.3840
sd         9.9277   9.9008   9.9155   9.9137   9.8927   9.8735   9.850   9.8086
                                                                               
Sites    216.000 217.0000 218.0000 219.0000 220.0000 221.0000 222.0000 223.0000
Richness 113.585 113.7410 113.9240 114.0740 114.2600 114.4300 114.6150 114.7580
sd         9.767   9.7156   9.7203   9.7019   9.7133   9.6841   9.6987   9.6858
                                                                               
Sites    224.0000 225.0000 226.000 227.0000 228.0000 229.0000 230.0000 231.0000
Richness 114.8960 115.0270 115.181 115.3800 115.5350 115.6960 115.8520 116.0150
sd         9.6792   9.6695   9.673   9.6133   9.5939   9.5921   9.5946   9.6003
                                                                              
Sites    232.0000 233.000 234.000 235.0000 236.0000 237.0000 238.0000 239.0000
Richness 116.1650 116.305 116.446 116.6170 116.8030 117.0050 117.1790 117.3230
sd         9.5811   9.571   9.544   9.4831   9.4209   9.4105   9.4143   9.4108
                                                                       
Sites    240.0000 241.0000 242.0000 243.0000 244.0000 245.0000 246.0000
Richness 117.5180 117.6550 117.8210 117.9780 118.1460 118.3480 118.5320
sd         9.4067   9.3899   9.3606   9.3717   9.3634   9.3441   9.2904
                                                                               
Sites    247.0000 248.0000 249.0000 250.0000 251.0000 252.0000 253.0000 254.000
Richness 118.6840 118.8490 118.9940 119.2330 119.3830 119.5520 119.6910 119.835
sd         9.2659   9.2506   9.2831   9.2515   9.2767   9.2492   9.2439   9.252
                                                                               
Sites    255.0000 256.0000 257.0000 258.0000 259.0000 260.000 261.0000 262.0000
Richness 119.9690 120.1130 120.2460 120.4060 120.5670 120.695 120.8290 120.9940
sd         9.2438   9.2271   9.1902   9.1685   9.1578   9.177   9.1801   9.1615
                                                                       
Sites    263.0000 264.0000 265.0000 266.0000 267.0000 268.0000 269.0000
Richness 121.1770 121.3180 121.4480 121.5770 121.7140 121.8680 122.0260
sd         9.1145   9.1025   9.1035   9.1194   9.0952   9.0692   9.0314
                                                                               
Sites    270.0000 271.0000 272.0000 273.0000 274.0000 275.0000 276.000 277.0000
Richness 122.1840 122.3600 122.4950 122.6200 122.7440 122.8710 123.032 123.1910
sd         9.0198   9.0123   8.9904   8.9979   8.9917   8.9688   8.961   8.9181
                                                                               
Sites    278.0000 279.0000 280.0000 281.0000 282.0000 283.0000 284.000 285.0000
Richness 123.3050 123.4310 123.5720 123.7470 123.8980 124.0270 124.144 124.2820
sd         8.8979   8.8898   8.8552   8.8642   8.8665   8.8428   8.841   8.8707
                                                                       
Sites    286.0000 287.0000 288.0000 289.0000 290.0000 291.0000 292.0000
Richness 124.3970 124.5230 124.6930 124.8230 124.9480 125.1270 125.2340
sd         8.8574   8.8306   8.7997   8.7824   8.7621   8.6962   8.6824
                                                                       
Sites    293.0000 294.0000 295.0000 296.0000 297.0000 298.0000 299.0000
Richness 125.3690 125.4980 125.6210 125.7590 125.8880 126.0400 126.1540
sd         8.6935   8.6907   8.6819   8.6766   8.6649   8.6422   8.6488
                                                                               
Sites    300.0000 301.0000 302.0000 303.000 304.0000 305.0000 306.0000 307.0000
Richness 126.3000 126.4130 126.5400 126.635 126.7560 126.8710 127.0000 127.1170
sd         8.6396   8.6355   8.6401   8.629   8.6478   8.6452   8.6313   8.6198
                                                                       
Sites    308.0000 309.0000 310.0000 311.0000 312.0000 313.0000 314.0000
Richness 127.2280 127.3460 127.4340 127.5610 127.6940 127.8010 127.9320
sd         8.6192   8.6369   8.6219   8.5991   8.5709   8.5723   8.5589
                                                                       
Sites    315.0000 316.0000 317.0000 318.0000 319.0000 320.0000 321.0000
Richness 128.0550 128.1880 128.3160 128.4440 128.5650 128.6740 128.8000
sd         8.5314   8.5003   8.4505   8.4327   8.4001   8.4016   8.3831
                                                                       
Sites    322.0000 323.0000 324.0000 325.0000 326.0000 327.0000 328.0000
Richness 128.9160 129.0230 129.0960 129.1880 129.2800 129.4170 129.5360
sd         8.3351   8.3407   8.3493   8.3433   8.3307   8.3177   8.3029
                                                                              
Sites    329.0000 330.0000 331.000 332.0000 333.0000 334.0000 335.000 336.0000
Richness 129.6410 129.7730 129.908 130.0030 130.1060 130.2780 130.395 130.5140
sd         8.3022   8.2638   8.263   8.2332   8.2189   8.1998   8.162   8.1674
                                                                              
Sites    337.0000 338.0000 339.0000 340.000 341.0000 342.000 343.0000 344.0000
Richness 130.6420 130.7620 130.8710 130.978 131.0930 131.202 131.3180 131.4290
sd         8.1665   8.1529   8.1445   8.139   8.1397   8.133   8.1104   8.1142
                                                                               
Sites    345.0000 346.0000 347.0000 348.0000 349.0000 350.0000 351.000 352.0000
Richness 131.5480 131.6460 131.7540 131.8660 132.0050 132.1070 132.200 132.3020
sd         8.0998   8.0963   8.0806   8.0866   8.0731   8.0665   8.047   8.0374
                                                                               
Sites    353.0000 354.0000 355.0000 356.0000 357.0000 358.000 359.0000 360.0000
Richness 132.4000 132.4740 132.5950 132.7060 132.8070 132.919 133.0220 133.1510
sd         8.0158   8.0147   8.0043   8.0171   7.9913   7.972   7.9578   7.9193
                                                                       
Sites    361.0000 362.0000 363.0000 364.0000 365.0000 366.0000 367.0000
Richness 133.2420 133.3660 133.4510 133.5830 133.6850 133.8060 133.9070
sd         7.9315   7.8988   7.8853   7.9148   7.9334   7.9341   7.9264
                                                                               
Sites    368.0000 369.0000 370.000 371.0000 372.0000 373.0000 374.0000 375.0000
Richness 134.0330 134.1250 134.256 134.3960 134.5200 134.6330 134.7230 134.8120
sd         7.9152   7.8983   7.874   7.8434   7.8036   7.8056   7.7888   7.7732
                                                                               
Sites    376.0000 377.0000 378.0000 379.000 380.0000 381.0000 382.0000 383.0000
Richness 134.9160 135.0120 135.1000 135.204 135.2930 135.4230 135.5040 135.6020
sd         7.7487   7.7192   7.7074   7.703   7.6947   7.6862   7.6682   7.6484
                                                                       
Sites    384.0000 385.0000 386.0000 387.0000 388.0000 389.0000 390.0000
Richness 135.7100 135.8270 135.9200 136.0180 136.0970 136.2000 136.2970
sd         7.6198   7.6336   7.6399   7.6518   7.6405   7.6483   7.6169
                                                                       
Sites    391.0000 392.0000 393.0000 394.0000 395.0000 396.0000 397.0000
Richness 136.4040 136.4900 136.5860 136.6770 136.7440 136.8480 136.9770
sd         7.6124   7.6087   7.6054   7.5961   7.6005   7.5942   7.6218
                                                                       
Sites    398.0000 399.0000 400.0000 401.0000 402.0000 403.0000 404.0000
Richness 137.0780 137.1740 137.2840 137.3690 137.4650 137.5820 137.6490
sd         7.6179   7.6207   7.5817   7.5801   7.5763   7.5697   7.5676
                                                                       
Sites    405.0000 406.0000 407.0000 408.0000 409.0000 410.0000 411.0000
Richness 137.7450 137.8290 137.9270 138.0460 138.1240 138.2180 138.3300
sd         7.5425   7.5444   7.5525   7.5458   7.5323   7.5373   7.5242
                                                                       
Sites    412.0000 413.0000 414.0000 415.0000 416.0000 417.0000 418.0000
Richness 138.4000 138.4990 138.5800 138.6480 138.7560 138.8390 138.9360
sd         7.5239   7.4939   7.5145   7.5011   7.4793   7.4825   7.4483
                                                                               
Sites    419.0000 420.0000 421.0000 422.000 423.0000 424.0000 425.0000 426.0000
Richness 139.0190 139.1300 139.2320 139.318 139.4290 139.5250 139.6130 139.6950
sd         7.4426   7.4306   7.4167   7.405   7.4086   7.3859   7.3871   7.3898
                                                                               
Sites    427.0000 428.000 429.0000 430.0000 431.0000 432.0000 433.0000 434.0000
Richness 139.7910 139.911 140.0050 140.1290 140.2310 140.3350 140.4250 140.4990
sd         7.3871   7.407   7.4163   7.4013   7.3859   7.3544   7.3418   7.3302
                                                                       
Sites    435.0000 436.0000 437.0000 438.0000 439.0000 440.0000 441.0000
Richness 140.5760 140.6530 140.7290 140.8200 140.9190 141.0020 141.1070
sd         7.3312   7.3105   7.3255   7.3277   7.3108   7.3053   7.2981
                                                                       
Sites    442.0000 443.0000 444.0000 445.0000 446.0000 447.0000 448.0000
Richness 141.1840 141.2750 141.3690 141.4360 141.5310 141.6150 141.7120
sd         7.2877   7.3033   7.3059   7.2839   7.3114   7.2925   7.2992
                                                                       
Sites    449.0000 450.0000 451.0000 452.0000 453.0000 454.0000 455.0000
Richness 141.8110 141.8850 141.9650 142.0590 142.1800 142.2550 142.3610
sd         7.2884   7.2791   7.2859   7.2658   7.2878   7.2766   7.2469
                                                                       
Sites    456.0000 457.0000 458.0000 459.0000 460.0000 461.0000 462.0000
Richness 142.4580 142.5170 142.6240 142.7200 142.8150 142.9260 142.9850
sd         7.2182   7.2093   7.1808   7.1784   7.1618   7.1292   7.1161
                                                                               
Sites    463.0000 464.0000 465.0000 466.0000 467.0000 468.0000 469.000 470.0000
Richness 143.0680 143.1480 143.2550 143.3370 143.4140 143.5120 143.567 143.6390
sd         7.1014   7.0959   7.0971   7.0826   7.0853   7.0589   7.054   7.0378
                                                                               
Sites    471.0000 472.0000 473.0000 474.000 475.0000 476.0000 477.0000 478.0000
Richness 143.7210 143.7890 143.8680 143.956 144.0520 144.1200 144.1880 144.2780
sd         7.0027   7.0121   7.0028   6.983   6.9705   6.9589   6.9421   6.9607
                                                                               
Sites    479.000 480.0000 481.0000 482.0000 483.0000 484.0000 485.0000 486.0000
Richness 144.375 144.4720 144.5560 144.6550 144.7820 144.8720 144.9600 145.0280
sd         6.910   6.9196   6.9294   6.9346   6.9175   6.9146   6.8846   6.8707
                                                                       
Sites    487.0000 488.0000 489.0000 490.0000 491.0000 492.0000 493.0000
Richness 145.1010 145.1840 145.2810 145.3670 145.4690 145.5380 145.6110
sd         6.8473   6.8465   6.8326   6.8228   6.8083   6.7933   6.7635
                                                                       
Sites    494.0000 495.0000 496.0000 497.0000 498.0000 499.0000 500.0000
Richness 145.7150 145.7870 145.8570 145.9580 146.0320 146.1090 146.1770
sd         6.7595   6.7503   6.7341   6.7339   6.7335   6.7427   6.7484
                                                                               
Sites    501.0000 502.000 503.0000 504.0000 505.0000 506.0000 507.0000 508.0000
Richness 146.2450 146.324 146.4080 146.5030 146.6060 146.6850 146.7650 146.8580
sd         6.7576   6.753   6.7373   6.7314   6.7319   6.7275   6.7092   6.7197
                                                                               
Sites    509.0000 510.0000 511.0000 512.000 513.0000 514.0000 515.0000 516.0000
Richness 146.9240 146.9980 147.0820 147.184 147.2650 147.3530 147.4260 147.5020
sd         6.7116   6.6965   6.6803   6.688   6.6918   6.7034   6.6955   6.7333
                                                                       
Sites    517.0000 518.0000 519.0000 520.0000 521.0000 522.0000 523.0000
Richness 147.5620 147.6230 147.6990 147.7730 147.8400 147.8960 147.9620
sd         6.7396   6.7518   6.7474   6.7469   6.7483   6.7371   6.7449
                                                                       
Sites    524.0000 525.0000 526.0000 527.0000 528.0000 529.0000 530.0000
Richness 148.0580 148.1380 148.1920 148.2620 148.3510 148.4320 148.5040
sd         6.7365   6.7359   6.7426   6.7356   6.7389   6.7337   6.7047
                                                                       
Sites    531.0000 532.0000 533.0000 534.0000 535.0000 536.0000 537.0000
Richness 148.5980 148.6630 148.7190 148.7960 148.9010 148.9670 149.0420
sd         6.6748   6.6587   6.6521   6.6357   6.6073   6.6196   6.5944
                                                                       
Sites    538.0000 539.0000 540.0000 541.0000 542.0000 543.0000 544.0000
Richness 149.1090 149.1680 149.2280 149.3150 149.3660 149.4260 149.4980
sd         6.5999   6.5943   6.6003   6.5921   6.5981   6.6035   6.6141
                                                                              
Sites    545.0000 546.0000 547.000 548.0000 549.0000 550.0000 551.000 552.0000
Richness 149.5620 149.6450 149.699 149.7670 149.8420 149.9100 149.981 150.0490
sd         6.6201   6.6078   6.607   6.5926   6.5821   6.5808   6.565   6.5427
                                                                       
Sites    553.0000 554.0000 555.0000 556.0000 557.0000 558.0000 559.0000
Richness 150.1160 150.1830 150.2530 150.3260 150.4020 150.4710 150.5320
sd         6.5331   6.5252   6.5414   6.5195   6.5076   6.5024   6.4876
                                                                               
Sites    560.0000 561.0000 562.0000 563.0000 564.0000 565.0000 566.000 567.0000
Richness 150.6000 150.6700 150.7410 150.8210 150.9030 150.9870 151.039 151.1310
sd         6.4817   6.4734   6.4694   6.4374   6.4373   6.4369   6.434   6.4005
                                                                       
Sites    568.0000 569.0000 570.0000 571.0000 572.0000 573.0000 574.0000
Richness 151.2100 151.2620 151.3360 151.3910 151.4470 151.5220 151.5930
sd         6.4063   6.3928   6.3931   6.3976   6.3825   6.3714   6.3735
                                                                       
Sites    575.0000 576.0000 577.0000 578.0000 579.0000 580.0000 581.0000
Richness 151.6580 151.7380 151.8160 151.8760 151.9530 152.0390 152.1350
sd         6.3823   6.3787   6.3662   6.3634   6.3707   6.3768   6.3826
                                                                              
Sites    582.0000 583.000 584.0000 585.000 586.0000 587.0000 588.0000 589.0000
Richness 152.2380 152.312 152.4060 152.490 152.5550 152.6250 152.7030 152.7820
sd         6.3724   6.370   6.3804   6.383   6.3677   6.3733   6.3425   6.3432
                                                                       
Sites    590.0000 591.0000 592.0000 593.0000 594.0000 595.0000 596.0000
Richness 152.8360 152.9200 152.9980 153.0600 153.1180 153.1850 153.2380
sd         6.3324   6.3099   6.3065   6.2908   6.2893   6.2773   6.2738
                                                                       
Sites    597.0000 598.0000 599.0000 600.0000 601.0000 602.0000 603.0000
Richness 153.2980 153.3520 153.4310 153.4980 153.5930 153.6660 153.7490
sd         6.2634   6.2777   6.2511   6.2625   6.2682   6.2611   6.2321
                                                                               
Sites    604.0000 605.0000 606.0000 607.0000 608.0000 609.0000 610.000 611.0000
Richness 153.8210 153.8800 153.9380 154.0170 154.0630 154.1300 154.185 154.2310
sd         6.2224   6.2039   6.2036   6.2188   6.2193   6.2034   6.207   6.2019
                                                                               
Sites    612.0000 613.0000 614.0000 615.0000 616.0000 617.0000 618.0000 619.000
Richness 154.2980 154.3580 154.4230 154.4920 154.5650 154.6290 154.7000 154.773
sd         6.1783   6.1798   6.1837   6.1837   6.1792   6.1835   6.1811   6.153
                                                                              
Sites    620.0000 621.0000 622.0000 623.0000 624.000 625.0000 626.0000 627.000
Richness 154.8450 154.9150 154.9860 155.0400 155.117 155.1810 155.2310 155.303
sd         6.1278   6.1245   6.1173   6.1155   6.115   6.1159   6.1184   6.112
                                                                       
Sites    628.0000 629.0000 630.0000 631.0000 632.0000 633.0000 634.0000
Richness 155.3450 155.3940 155.4430 155.5110 155.5800 155.6530 155.7180
sd         6.1065   6.0951   6.0793   6.0744   6.0635   6.0704   6.0667
                                                                       
Sites    635.0000 636.0000 637.0000 638.0000 639.0000 640.0000 641.0000
Richness 155.7750 155.8360 155.9080 155.9620 156.0330 156.1090 156.1680
sd         6.0611   6.0735   6.0872   6.0756   6.0631   6.0542   6.0414
                                                                               
Sites    642.0000 643.0000 644.0000 645.0000 646.0000 647.0000 648.000 649.0000
Richness 156.2420 156.2970 156.3600 156.4340 156.4820 156.5390 156.589 156.6390
sd         6.0336   6.0237   6.0308   6.0366   6.0354   6.0288   6.025   6.0267
                                                                       
Sites    650.0000 651.0000 652.0000 653.0000 654.0000 655.0000 656.0000
Richness 156.6800 156.7700 156.8270 156.8760 156.9310 156.9760 157.0360
sd         6.0241   6.0407   6.0246   6.0214   6.0124   6.0123   6.0224
                                                                               
Sites    657.0000 658.0000 659.000 660.0000 661.0000 662.0000 663.0000 664.0000
Richness 157.0910 157.1450 157.203 157.2750 157.3540 157.4150 157.4670 157.5290
sd         6.0185   6.0236   6.020   6.0073   5.9823   5.9773   5.9911   5.9831
                                                                       
Sites    665.0000 666.0000 667.0000 668.0000 669.0000 670.0000 671.0000
Richness 157.5770 157.6340 157.7080 157.7810 157.8550 157.9200 157.9750
sd         5.9803   5.9861   5.9607   5.9458   5.9513   5.9452   5.9331
                                                                       
Sites    672.0000 673.0000 674.0000 675.0000 676.0000 677.0000 678.0000
Richness 158.0400 158.1200 158.1800 158.2480 158.3060 158.3760 158.4340
sd         5.9204   5.9087   5.9117   5.8969   5.8753   5.8555   5.8481
                                                                       
Sites    679.0000 680.0000 681.0000 682.0000 683.0000 684.0000 685.0000
Richness 158.4870 158.5480 158.6240 158.7000 158.7780 158.8430 158.9150
sd         5.8503   5.8493   5.8594   5.8657   5.8581   5.8522   5.8535
                                                                       
Sites    686.0000 687.0000 688.0000 689.0000 690.0000 691.0000 692.0000
Richness 158.9820 159.0270 159.0870 159.1440 159.1960 159.2840 159.3440
sd         5.8631   5.8444   5.8362   5.8211   5.8368   5.8249   5.8027
                                                                               
Sites    693.0000 694.0000 695.0000 696.0000 697.0000 698.0000 699.0000 700.000
Richness 159.4040 159.4630 159.5420 159.6160 159.6790 159.7370 159.7750 159.828
sd         5.7955   5.7878   5.7768   5.7916   5.7998   5.7847   5.7794   5.776
                                                                               
Sites    701.0000 702.0000 703.0000 704.0000 705.0000 706.000 707.0000 708.0000
Richness 159.8860 159.9510 160.0030 160.0780 160.1210 160.176 160.2250 160.2740
sd         5.7653   5.7763   5.7531   5.7357   5.7253   5.728   5.7279   5.7268
                                                                       
Sites    709.0000 710.0000 711.0000 712.0000 713.0000 714.0000 715.0000
Richness 160.3240 160.3730 160.4210 160.4730 160.5170 160.5780 160.6580
sd         5.7233   5.7235   5.7207   5.7348   5.7422   5.7431   5.7386
                                                                       
Sites    716.0000 717.0000 718.0000 719.0000 720.0000 721.0000 722.0000
Richness 160.7000 160.7700 160.8270 160.8780 160.9350 160.9750 161.0220
sd         5.7345   5.7329   5.7241   5.7117   5.7217   5.7267   5.7327
                                                                               
Sites    723.0000 724.0000 725.0000 726.0000 727.0000 728.0000 729.000 730.0000
Richness 161.0770 161.1290 161.1810 161.2370 161.2970 161.3480 161.409 161.4660
sd         5.7143   5.7265   5.6992   5.7013   5.6947   5.6975   5.686   5.6794
                                                                               
Sites    731.0000 732.000 733.0000 734.0000 735.0000 736.0000 737.0000 738.0000
Richness 161.5310 161.602 161.6600 161.7190 161.7720 161.8340 161.8990 161.9450
sd         5.6723   5.666   5.6774   5.6884   5.6701   5.6618   5.6601   5.6703
                                                                               
Sites    739.0000 740.0000 741.0000 742.000 743.0000 744.0000 745.0000 746.0000
Richness 162.0040 162.0550 162.1270 162.180 162.2390 162.2920 162.3540 162.4230
sd         5.6538   5.6478   5.6484   5.651   5.6561   5.6408   5.6308   5.6414
                                                                               
Sites    747.0000 748.0000 749.0000 750.0000 751.0000 752.0000 753.0000 754.000
Richness 162.4830 162.5300 162.5710 162.6190 162.6700 162.7270 162.7750 162.833
sd         5.6247   5.6134   5.6038   5.5942   5.5897   5.5801   5.5686   5.585
                                                                               
Sites    755.0000 756.0000 757.000 758.0000 759.0000 760.0000 761.0000 762.0000
Richness 162.8730 162.9140 162.965 163.0200 163.0700 163.1110 163.1710 163.2180
sd         5.5893   5.5885   5.584   5.5693   5.5715   5.5663   5.5507   5.5576
                                                                               
Sites    763.0000 764.0000 765.0000 766.0000 767.000 768.0000 769.0000 770.0000
Richness 163.2780 163.3320 163.3770 163.4230 163.481 163.5270 163.5880 163.6470
sd         5.5503   5.5403   5.5357   5.5331   5.516   5.5152   5.5173   5.5055
                                                                       
Sites    771.0000 772.0000 773.0000 774.0000 775.0000 776.0000 777.0000
Richness 163.6950 163.7380 163.7880 163.8490 163.9090 163.9580 164.0110
sd         5.4944   5.4938   5.4941   5.4887   5.4819   5.4794   5.4707
                                                                       
Sites    778.0000 779.0000 780.0000 781.0000 782.0000 783.0000 784.0000
Richness 164.0470 164.0830 164.1330 164.1750 164.2320 164.3080 164.3600
sd         5.4808   5.4767   5.4859   5.4793   5.4831   5.4771   5.4687
                                                                       
Sites    785.0000 786.0000 787.0000 788.0000 789.0000 790.0000 791.0000
Richness 164.3950 164.4670 164.5200 164.5820 164.6310 164.6840 164.7330
sd         5.4704   5.4837   5.4682   5.4872   5.4747   5.4512   5.4455
                                                                       
Sites    792.0000 793.0000 794.0000 795.0000 796.0000 797.0000 798.0000
Richness 164.8050 164.8580 164.9010 164.9520 165.0040 165.0470 165.1150
sd         5.4469   5.4337   5.4464   5.4466   5.4382   5.4483   5.4437
                                                                               
Sites    799.0000 800.0000 801.000 802.0000 803.0000 804.0000 805.0000 806.0000
Richness 165.1710 165.2200 165.268 165.3150 165.3660 165.4350 165.4840 165.5420
sd         5.4394   5.4306   5.433   5.4142   5.4062   5.4001   5.4021   5.3881
                                                                               
Sites    807.0000 808.0000 809.0000 810.0000 811.0000 812.0000 813.0000 814.000
Richness 165.5950 165.6540 165.7000 165.7370 165.7760 165.8250 165.8870 165.935
sd         5.3723   5.3609   5.3599   5.3459   5.3524   5.3326   5.3176   5.321
                                                                               
Sites    815.0000 816.0000 817.0000 818.0000 819.0000 820.0000 821.000 822.0000
Richness 165.9880 166.0390 166.0810 166.1300 166.1660 166.2160 166.279 166.3250
sd         5.3232   5.3214   5.3232   5.3224   5.3212   5.3259   5.315   5.2982
                                                                       
Sites    823.0000 824.0000 825.0000 826.0000 827.0000 828.0000 829.0000
Richness 166.3910 166.4250 166.4740 166.5340 166.5910 166.6380 166.6870
sd         5.2987   5.2925   5.2935   5.2886   5.2873   5.2774   5.2772
                                                                       
Sites    830.0000 831.0000 832.0000 833.0000 834.0000 835.0000 836.0000
Richness 166.7310 166.7680 166.8210 166.8720 166.9250 166.9590 167.0060
sd         5.2608   5.2526   5.2395   5.2432   5.2395   5.2401   5.2526
                                                                               
Sites    837.0000 838.0000 839.0000 840.000 841.0000 842.0000 843.0000 844.0000
Richness 167.0460 167.0970 167.1430 167.180 167.2150 167.2590 167.3050 167.3570
sd         5.2609   5.2558   5.2557   5.252   5.2509   5.2577   5.2653   5.2729
                                                                       
Sites    845.0000 846.0000 847.0000 848.0000 849.0000 850.0000 851.0000
Richness 167.3990 167.4470 167.4880 167.5310 167.5860 167.6370 167.6960
sd         5.2761   5.2725   5.2642   5.2656   5.2425   5.2307   5.2315
                                                                       
Sites    852.0000 853.0000 854.0000 855.0000 856.0000 857.0000 858.0000
Richness 167.7420 167.7890 167.8430 167.9080 167.9510 167.9930 168.0430
sd         5.2275   5.2148   5.2061   5.1941   5.1799   5.1629   5.1788
                                                                              
Sites    859.0000 860.000 861.0000 862.0000 863.0000 864.0000 865.0000 866.000
Richness 168.1110 168.164 168.2060 168.2530 168.2890 168.3350 168.3970 168.445
sd         5.1741   5.190   5.1761   5.1668   5.1651   5.1629   5.1734   5.183
                                                                               
Sites    867.0000 868.0000 869.0000 870.0000 871.000 872.0000 873.0000 874.0000
Richness 168.4850 168.5260 168.5530 168.5870 168.639 168.6870 168.7340 168.7790
sd         5.1854   5.1809   5.1738   5.1685   5.173   5.1662   5.1492   5.1348
                                                                       
Sites    875.0000 876.0000 877.0000 878.0000 879.0000 880.0000 881.0000
Richness 168.8080 168.8460 168.8920 168.9440 168.9910 169.0510 169.0850
sd         5.1427   5.1292   5.1259   5.1164   5.1026   5.1091   5.1162
                                                                              
Sites    882.0000 883.0000 884.0000 885.0000 886.000 887.0000 888.0000 889.000
Richness 169.1310 169.1780 169.2380 169.2850 169.319 169.3630 169.4140 169.465
sd         5.1004   5.0851   5.0765   5.0766   5.074   5.0645   5.0699   5.068
                                                                              
Sites    890.0000 891.000 892.0000 893.0000 894.000 895.0000 896.0000 897.0000
Richness 169.5100 169.558 169.6020 169.6520 169.696 169.7420 169.7860 169.8320
sd         5.0634   5.062   5.0673   5.0806   5.055   5.0352   5.0273   5.0362
                                                                       
Sites    898.0000 899.0000 900.0000 901.0000 902.0000 903.0000 904.0000
Richness 169.8800 169.9280 169.9750 170.0310 170.0920 170.1600 170.2210
sd         5.0401   5.0472   5.0263   5.0251   5.0117   5.0007   4.9977
                                                                              
Sites    905.0000 906.0000 907.0000 908.000 909.0000 910.0000 911.0000 912.000
Richness 170.2770 170.3210 170.3620 170.416 170.4630 170.5100 170.5460 170.602
sd         4.9937   5.0023   5.0082   4.996   4.9891   4.9975   5.0035   4.991
                                                                               
Sites    913.000 914.0000 915.0000 916.0000 917.0000 918.0000 919.0000 920.0000
Richness 170.631 170.6690 170.7200 170.7760 170.8220 170.8600 170.9080 170.9610
sd         4.988   4.9756   4.9804   4.9802   4.9817   4.9706   4.9689   4.9667
                                                                       
Sites    921.0000 922.0000 923.0000 924.0000 925.0000 926.0000 927.0000
Richness 171.0120 171.0510 171.0940 171.1410 171.1850 171.2250 171.2690
sd         4.9569   4.9448   4.9489   4.9556   4.9375   4.9255   4.9172
                                                                       
Sites    928.0000 929.0000 930.0000 931.0000 932.0000 933.0000 934.0000
Richness 171.3020 171.3520 171.4030 171.4370 171.5000 171.5400 171.5880
sd         4.9188   4.9086   4.9103   4.9039   4.9135   4.9115   4.9019
                                                                               
Sites    935.0000 936.0000 937.0000 938.0000 939.0000 940.0000 941.0000 942.000
Richness 171.6310 171.6710 171.7100 171.7530 171.7860 171.8320 171.8830 171.930
sd         4.9001   4.8968   4.8924   4.8822   4.8779   4.8664   4.8702   4.863
                                                                       
Sites    943.0000 944.0000 945.0000 946.0000 947.0000 948.0000 949.0000
Richness 171.9780 172.0100 172.0480 172.0940 172.1250 172.1810 172.2200
sd         4.8443   4.8451   4.8478   4.8459   4.8544   4.8464   4.8379
                                                                       
Sites    950.0000 951.0000 952.0000 953.0000 954.0000 955.0000 956.0000
Richness 172.2520 172.3080 172.3640 172.4110 172.4550 172.5050 172.5600
sd         4.8301   4.8329   4.8461   4.8427   4.8387   4.8153   4.7983
                                                                               
Sites    957.0000 958.0000 959.000 960.0000 961.0000 962.0000 963.0000 964.0000
Richness 172.6040 172.6530 172.689 172.7300 172.7640 172.8160 172.8570 172.9050
sd         4.7785   4.7684   4.757   4.7398   4.7319   4.7245   4.7334   4.7143
                                                                               
Sites    965.0000 966.0000 967.0000 968.0000 969.000 970.0000 971.0000 972.0000
Richness 172.9430 172.9720 173.0070 173.0550 173.098 173.1380 173.1820 173.2170
sd         4.6983   4.6929   4.6796   4.6757   4.657   4.6648   4.6543   4.6389
                                                                       
Sites    973.0000 974.0000 975.0000 976.0000 977.0000 978.0000 979.0000
Richness 173.2560 173.2930 173.3220 173.3760 173.4190 173.4660 173.5050
sd         4.6277   4.6092   4.6019   4.6115   4.6103   4.6172   4.6166
                                                                              
Sites    980.0000 981.000 982.0000 983.0000 984.000 985.0000 986.0000 987.0000
Richness 173.5460 173.574 173.6170 173.6580 173.707 173.7390 173.7660 173.8180
sd         4.6079   4.600   4.6049   4.5959   4.587   4.5751   4.5697   4.5677
                                                                       
Sites    988.0000 989.0000 990.0000 991.0000 992.0000 993.0000 994.0000
Richness 173.8690 173.8990 173.9450 173.9910 174.0280 174.0640 174.1010
sd         4.5656   4.5629   4.5654   4.5596   4.5572   4.5513   4.5376
                                                                        
Sites    995.0000 996.0000 997.000 998.0000 999.0000 1000.0000 1001.0000
Richness 174.1620 174.2100 174.252 174.2960 174.3350  174.3610  174.3840
sd         4.5346   4.5355   4.534   4.5373   4.5345    4.5375    4.5358
                                                                             
Sites    1002.0000 1003.0000 1004.0000 1005.000 1006.0000 1007.0000 1008.0000
Richness  174.4330  174.4700  174.5170  174.544  174.5820  174.6340  174.6840
sd          4.5281    4.5199    4.5242    4.522    4.5111    4.5158    4.5018
                                                                              
Sites    1009.0000 1010.0000 1011.0000 1012.0000 1013.0000 1014.0000 1015.0000
Richness  174.7280  174.7840  174.8170  174.8650  174.9200  174.9480  174.9830
sd          4.5116    4.5057    4.4991    4.4959    4.5018    4.4915    4.4838
                                                                          
Sites    1016.0000 1017.0000 1018.000 1019.000 1020.000 1021.0000 1022.000
Richness  175.0140  175.0470  175.095  175.140  175.171  175.2250  175.265
sd          4.4768    4.4818    4.475    4.454    4.451    4.4452    4.436
                                                                              
Sites    1023.0000 1024.0000 1025.0000 1026.0000 1027.0000 1028.0000 1029.0000
Richness  175.3080  175.3460  175.3840  175.4200  175.4810  175.5220  175.5560
sd          4.4237    4.4224    4.4168    4.4103    4.4003    4.4012    4.4096
                                                                            
Sites    1030.0000 1031.000 1032.0000 1033.0000 1034.0000 1035.0000 1036.000
Richness  175.5880  175.631  175.6760  175.7290  175.7720  175.8100  175.857
sd          4.4075    4.398    4.4035    4.3956    4.3917    4.3986    4.382
                                                                             
Sites    1037.0000 1038.0000 1039.0000 1040.0000 1041.0000 1042.000 1043.0000
Richness  175.8930  175.9410  175.9830  176.0200  176.0650  176.106  176.1420
sd          4.3835    4.3853    4.3717    4.3652    4.3687    4.358    4.3565
                                                                              
Sites    1044.0000 1045.0000 1046.0000 1047.0000 1048.0000 1049.0000 1050.0000
Richness  176.1760  176.2270  176.2580  176.3130  176.3530  176.3920  176.4290
sd          4.3479    4.3553    4.3555    4.3439    4.3358    4.3316    4.3141
                                                                              
Sites    1051.0000 1052.0000 1053.0000 1054.0000 1055.0000 1056.0000 1057.0000
Richness  176.4720  176.5140  176.5410  176.5810  176.6310  176.6670  176.7150
sd          4.3093    4.2956    4.2854    4.2862    4.2794    4.2805    4.2624
                                                                             
Sites    1058.0000 1059.000 1060.0000 1061.0000 1062.0000 1063.0000 1064.0000
Richness  176.7480  176.793  176.8230  176.8720  176.9000  176.9380  176.9800
sd          4.2547    4.241    4.2374    4.2409    4.2417    4.2275    4.2151
                                                                             
Sites    1065.0000 1066.0000 1067.0000 1068.0000 1069.0000 1070.0000 1071.000
Richness  177.0180  177.0680  177.1040  177.1300  177.1670  177.2020  177.238
sd          4.2075    4.2006    4.2058    4.2029    4.1927    4.1867    4.182
                                                                             
Sites    1072.000 1073.0000 1074.0000 1075.0000 1076.0000 1077.0000 1078.0000
Richness  177.265  177.3140  177.3510  177.3860  177.4240  177.4750  177.5110
sd          4.180    4.1649    4.1672    4.1659    4.1703    4.1817    4.1741
                                                                              
Sites    1079.0000 1080.0000 1081.0000 1082.0000 1083.0000 1084.0000 1085.0000
Richness  177.5580  177.5990  177.6270  177.6740  177.7080  177.7410  177.7820
sd          4.1569    4.1448    4.1419    4.1392    4.1306    4.1283    4.1121
                                                                             
Sites    1086.000 1087.0000 1088.0000 1089.0000 1090.0000 1091.0000 1092.0000
Richness  177.829  177.8750  177.8980  177.9260  177.9650  178.0090  178.0600
sd          4.094    4.0841    4.0854    4.0821    4.0778    4.0789    4.0808
                                                                             
Sites    1093.0000 1094.0000 1095.0000 1096.0000 1097.0000 1098.0000 1099.000
Richness  178.0940  178.1310  178.1620  178.2010  178.2450  178.2750  178.312
sd          4.0686    4.0643    4.0485    4.0511    4.0372    4.0313    4.030
                                                                             
Sites    1100.0000 1101.0000 1102.0000 1103.0000 1104.0000 1105.0000 1106.000
Richness  178.3400  178.3730  178.4130  178.4480  178.4830  178.5160  178.543
sd          4.0307    4.0185    4.0285    4.0239    4.0159    4.0105    4.006
                                                                              
Sites    1107.0000 1108.0000 1109.0000 1110.0000 1111.0000 1112.0000 1113.0000
Richness  178.5780  178.6130  178.6470  178.6780  178.7130  178.7460  178.7760
sd          4.0057    4.0047    4.0123    4.0148    4.0146    4.0134    4.0132
                                                                           
Sites    1114.000 1115.0000 1116.0000 1117.0000 1118.000 1119.0000 1120.000
Richness  178.826  178.8770  178.9200  178.9630  179.006  179.0480  179.089
sd          4.010    4.0015    3.9922    3.9821    3.989    3.9869    3.977
                                                                              
Sites    1121.0000 1122.0000 1123.0000 1124.0000 1125.0000 1126.0000 1127.0000
Richness  179.1230  179.1770  179.2080  179.2510  179.2850  179.3160  179.3380
sd          3.9595    3.9506    3.9495    3.9369    3.9137    3.9038    3.9035
                                                                             
Sites    1128.0000 1129.000 1130.0000 1131.0000 1132.0000 1133.0000 1134.0000
Richness  179.3800  179.421  179.4740  179.5050  179.5550  179.5990  179.6300
sd          3.9055    3.904    3.9047    3.9176    3.9108    3.8981    3.9021
                                                                              
Sites    1135.0000 1136.0000 1137.0000 1138.0000 1139.0000 1140.0000 1141.0000
Richness  179.6580  179.6830  179.7090  179.7410  179.7870  179.8260  179.8590
sd          3.8977    3.8948    3.8915    3.8896    3.8746    3.8795    3.8805
                                                                            
Sites    1142.0000 1143.0000 1144.0000 1145.000 1146.0000 1147.000 1148.0000
Richness  179.8810  179.9210  179.9640  179.997  180.0460  180.078  180.1170
sd          3.8753    3.8642    3.8478    3.833    3.8224    3.814    3.8215
                                                                             
Sites    1149.000 1150.0000 1151.0000 1152.0000 1153.0000 1154.0000 1155.0000
Richness  180.159  180.1920  180.2330  180.2610  180.2980  180.3290  180.3690
sd          3.837    3.8325    3.8295    3.8272    3.8186    3.8094    3.8017
                                                                             
Sites    1156.0000 1157.0000 1158.0000 1159.0000 1160.0000 1161.000 1162.0000
Richness  180.3980  180.4410  180.4800  180.5250  180.5620  180.614  180.6390
sd          3.7884    3.7824    3.7722    3.7664    3.7683    3.753    3.7516
                                                                             
Sites    1163.0000 1164.0000 1165.0000 1166.0000 1167.000 1168.0000 1169.0000
Richness  180.6600  180.7060  180.7360  180.7690  180.798  180.8260  180.8700
sd          3.7455    3.7435    3.7358    3.7365    3.749    3.7454    3.7378
                                                                              
Sites    1170.0000 1171.0000 1172.0000 1173.0000 1174.0000 1175.0000 1176.0000
Richness  180.9160  180.9590  180.9970  181.0350  181.0730  181.1030  181.1430
sd          3.7354    3.7392    3.7364    3.7312    3.7228    3.7114    3.7017
                                                                              
Sites    1177.0000 1178.0000 1179.0000 1180.0000 1181.0000 1182.0000 1183.0000
Richness  181.1720  181.2030  181.2450  181.2770  181.3090  181.3480  181.3690
sd          3.6954    3.6967    3.6868    3.6843    3.6855    3.6936    3.6922
                                                                             
Sites    1184.0000 1185.000 1186.0000 1187.0000 1188.0000 1189.0000 1190.0000
Richness  181.4040  181.435  181.4760  181.5040  181.5470  181.5880  181.6190
sd          3.6854    3.675    3.6809    3.6635    3.6597    3.6666    3.6627
                                                                              
Sites    1191.0000 1192.0000 1193.0000 1194.0000 1195.0000 1196.0000 1197.0000
Richness  181.6580  181.6830  181.7230  181.7640  181.8020  181.8490  181.8820
sd          3.6607    3.6628    3.6575    3.6414    3.6505    3.6493    3.6389
                                                                              
Sites    1198.0000 1199.0000 1200.0000 1201.0000 1202.0000 1203.0000 1204.0000
Richness  181.9190  181.9540  181.9820  182.0220  182.0560  182.0970  182.1260
sd          3.6397    3.6377    3.6311    3.6297    3.6147    3.6148    3.6121
                                                                             
Sites    1205.0000 1206.0000 1207.000 1208.0000 1209.0000 1210.0000 1211.0000
Richness  182.1600  182.1930  182.238  182.2710  182.3060  182.3220  182.3560
sd          3.5982    3.6079    3.615    3.6164    3.6021    3.5968    3.5986
                                                                              
Sites    1212.0000 1213.0000 1214.0000 1215.0000 1216.0000 1217.0000 1218.0000
Richness  182.3960  182.4270  182.4610  182.4890  182.5260  182.5680  182.6020
sd          3.5894    3.5821    3.5726    3.5621    3.5578    3.5671    3.5663
                                                                             
Sites    1219.0000 1220.0000 1221.0000 1222.0000 1223.0000 1224.0000 1225.000
Richness  182.6400  182.6700  182.7000  182.7390  182.7740  182.8040  182.833
sd          3.5582    3.5558    3.5486    3.5453    3.5295    3.5131    3.509
                                                                              
Sites    1226.0000 1227.0000 1228.0000 1229.0000 1230.0000 1231.0000 1232.0000
Richness  182.8710  182.9070  182.9380  182.9720  183.0090  183.0400  183.0570
sd          3.5081    3.5061    3.4995    3.4988    3.4864    3.4812    3.4811
                                                                             
Sites    1233.0000 1234.0000 1235.0000 1236.0000 1237.0000 1238.0000 1239.000
Richness  183.0900  183.1240  183.1620  183.1970  183.2310  183.2780  183.300
sd          3.4687    3.4604    3.4467    3.4331    3.4204    3.4168    3.417
                                                                            
Sites    1240.0000 1241.0000 1242.0000 1243.000 1244.000 1245.0000 1246.0000
Richness  183.3260  183.3640  183.3930  183.419  183.445  183.4800  183.5260
sd          3.4037    3.3949    3.3918    3.381    3.377    3.3792    3.3795
                                                                              
Sites    1247.0000 1248.0000 1249.0000 1250.0000 1251.0000 1252.0000 1253.0000
Richness  183.5500  183.5840  183.6190  183.6570  183.6680  183.6960  183.7240
sd          3.3721    3.3619    3.3444    3.3281    3.3252    3.3107    3.3004
                                                                              
Sites    1254.0000 1255.0000 1256.0000 1257.0000 1258.0000 1259.0000 1260.0000
Richness  183.7630  183.8020  183.8290  183.8580  183.8870  183.9190  183.9550
sd          3.3069    3.2975    3.2882    3.2813    3.2764    3.2813    3.2707
                                                                              
Sites    1261.0000 1262.0000 1263.0000 1264.0000 1265.0000 1266.0000 1267.0000
Richness  183.9860  184.0320  184.0570  184.0960  184.1320  184.1670  184.1840
sd          3.2534    3.2483    3.2512    3.2418    3.2381    3.2307    3.2268
                                                                              
Sites    1268.0000 1269.0000 1270.0000 1271.0000 1272.0000 1273.0000 1274.0000
Richness  184.2190  184.2470  184.2880  184.3110  184.3310  184.3720  184.4050
sd          3.2261    3.2278    3.2282    3.2275    3.2252    3.2187    3.2077
                                                                             
Sites    1275.0000 1276.0000 1277.0000 1278.0000 1279.0000 1280.0000 1281.000
Richness  184.4410  184.4840  184.5060  184.5510  184.5860  184.6210  184.654
sd          3.1957    3.2025    3.2025    3.1981    3.1964    3.1843    3.175
                                                                            
Sites    1282.000 1283.0000 1284.0000 1285.0000 1286.0000 1287.0000 1288.000
Richness  184.672  184.7150  184.7620  184.8180  184.8660  184.9030  184.936
sd          3.174    3.1534    3.1403    3.1204    3.1157    3.1102    3.097
                                                                           
Sites    1289.0000 1290.0000 1291.0000 1292.0000 1293.000 1294.000 1295.000
Richness  184.9650  184.9940  185.0250  185.0570  185.083  185.116  185.139
sd          3.0954    3.0789    3.0747    3.0798    3.074    3.065    3.072
                                                                              
Sites    1296.0000 1297.0000 1298.0000 1299.0000 1300.0000 1301.0000 1302.0000
Richness  185.1700  185.1960  185.2300  185.2610  185.2990  185.3310  185.3580
sd          3.0693    3.0573    3.0516    3.0526    3.0478    3.0405    3.0333
                                                                             
Sites    1303.0000 1304.0000 1305.0000 1306.0000 1307.0000 1308.0000 1309.000
Richness  185.3850  185.4210  185.4610  185.4900  185.5220  185.5490  185.583
sd          3.0212    3.0214    3.0235    3.0204    2.9994    3.0001    2.991
                                                                              
Sites    1310.0000 1311.0000 1312.0000 1313.0000 1314.0000 1315.0000 1316.0000
Richness  185.6100  185.6430  185.6810  185.7360  185.7820  185.8120  185.8430
sd          2.9905    2.9954    2.9994    2.9821    2.9778    2.9687    2.9643
                                                                             
Sites    1317.0000 1318.000 1319.0000 1320.0000 1321.0000 1322.0000 1323.0000
Richness  185.8740  185.916  185.9450  185.9700  185.9960  186.0240  186.0500
sd          2.9497    2.942    2.9303    2.9274    2.9193    2.9165    2.9162
                                                                              
Sites    1324.0000 1325.0000 1326.0000 1327.0000 1328.0000 1329.0000 1330.0000
Richness  186.0790  186.1130  186.1410  186.1740  186.2160  186.2550  186.2690
sd          2.9081    2.8918    2.8816    2.8712    2.8746    2.8573    2.8522
                                                                            
Sites    1331.0000 1332.0000 1333.0000 1334.000 1335.000 1336.0000 1337.0000
Richness  186.3040  186.3270  186.3640  186.399  186.437  186.4650  186.5010
sd          2.8404    2.8429    2.8343    2.839    2.833    2.8264    2.8181
                                                                             
Sites    1338.000 1339.0000 1340.0000 1341.0000 1342.0000 1343.0000 1344.0000
Richness  186.536  186.5740  186.6080  186.6420  186.6670  186.6990  186.7280
sd          2.808    2.8001    2.8018    2.7942    2.7964    2.7825    2.7738
                                                                            
Sites    1345.000 1346.0000 1347.0000 1348.0000 1349.000 1350.0000 1351.0000
Richness  186.749  186.7970  186.8300  186.8760  186.898  186.9260  186.9550
sd          2.760    2.7585    2.7555    2.7605    2.765    2.7612    2.7605
                                                                              
Sites    1352.0000 1353.0000 1354.0000 1355.0000 1356.0000 1357.0000 1358.0000
Richness  186.9980  187.0430  187.0640  187.1030  187.1290  187.1520  187.1710
sd          2.7473    2.7303    2.7301    2.7291    2.7265    2.7343    2.7286
                                                                            
Sites    1359.0000 1360.0000 1361.0000 1362.0000 1363.000 1364.0000 1365.000
Richness  187.2090  187.2320  187.2590  187.2800  187.311  187.3470  187.371
sd          2.7241    2.7121    2.7058    2.7035    2.701    2.6907    2.692
                                                                             
Sites    1366.000 1367.0000 1368.0000 1369.0000 1370.0000 1371.0000 1372.0000
Richness  187.397  187.4240  187.4530  187.4860  187.5060  187.5460  187.5750
sd          2.686    2.6772    2.6678    2.6478    2.6448    2.6387    2.6365
                                                                              
Sites    1373.0000 1374.0000 1375.0000 1376.0000 1377.0000 1378.0000 1379.0000
Richness  187.6010  187.6250  187.6550  187.6820  187.7180  187.7440  187.7750
sd          2.6242    2.6255    2.6113    2.6084    2.5999    2.5875    2.5824
                                                                            
Sites    1380.0000 1381.000 1382.0000 1383.0000 1384.000 1385.0000 1386.0000
Richness  187.8040  187.836  187.8680  187.8910  187.914  187.9410  187.9740
sd          2.5776    2.574    2.5782    2.5639    2.554    2.5491    2.5381
                                                                              
Sites    1387.0000 1388.0000 1389.0000 1390.0000 1391.0000 1392.0000 1393.0000
Richness  188.0110  188.0430  188.0700  188.1030  188.1410  188.1750  188.2110
sd          2.5182    2.5095    2.5039    2.4973    2.4991    2.4869    2.4756
                                                                              
Sites    1394.0000 1395.0000 1396.0000 1397.0000 1398.0000 1399.0000 1400.0000
Richness  188.2440  188.2790  188.3020  188.3350  188.3620  188.3910  188.4210
sd          2.4638    2.4571    2.4484    2.4398    2.4403    2.4298    2.4186
                                                                             
Sites    1401.000 1402.0000 1403.0000 1404.0000 1405.0000 1406.0000 1407.0000
Richness  188.451  188.4820  188.5120  188.5360  188.5530  188.5910  188.6280
sd          2.409    2.3932    2.3857    2.3762    2.3662    2.3463    2.3339
                                                                            
Sites    1408.000 1409.0000 1410.0000 1411.0000 1412.000 1413.0000 1414.0000
Richness  188.666  188.7080  188.7340  188.7640  188.791  188.8240  188.8580
sd          2.319    2.3221    2.3144    2.2947    2.294    2.2843    2.2872
                                                                             
Sites    1415.0000 1416.0000 1417.0000 1418.0000 1419.0000 1420.000 1421.0000
Richness  188.8880  188.9240  188.9480  188.9700  188.9890  189.017  189.0450
sd          2.2827    2.2758    2.2699    2.2623    2.2623    2.253    2.2597
                                                                              
Sites    1422.0000 1423.0000 1424.0000 1425.0000 1426.0000 1427.0000 1428.0000
Richness  189.0810  189.1020  189.1250  189.1550  189.1700  189.1980  189.2210
sd          2.2578    2.2523    2.2522    2.2468    2.2464    2.2423    2.2363
                                                                             
Sites    1429.0000 1430.0000 1431.0000 1432.000 1433.0000 1434.0000 1435.0000
Richness  189.2330  189.2780  189.3140  189.341  189.3780  189.4050  189.4490
sd          2.2342    2.2239    2.2182    2.214    2.2018    2.2077    2.1873
                                                                             
Sites    1436.000 1437.0000 1438.0000 1439.0000 1440.0000 1441.0000 1442.0000
Richness  189.477  189.5130  189.5450  189.5710  189.6090  189.6400  189.6730
sd          2.180    2.1727    2.1718    2.1577    2.1374    2.1234    2.1101
                                                                             
Sites    1443.0000 1444.0000 1445.0000 1446.0000 1447.0000 1448.000 1449.0000
Richness  189.6980  189.7260  189.7550  189.7880  189.8170  189.842  189.8700
sd          2.1136    2.1013    2.0821    2.0735    2.0605    2.059    2.0536
                                                                           
Sites    1450.000 1451.0000 1452.000 1453.000 1454.0000 1455.0000 1456.0000
Richness  189.890  189.9130  189.937  189.958  189.9860  190.0180  190.0460
sd          2.045    2.0351    2.031    2.021    2.0164    2.0044    1.9924
                                                                             
Sites    1457.0000 1458.000 1459.0000 1460.0000 1461.0000 1462.0000 1463.0000
Richness  190.0820  190.114  190.1470  190.1740  190.2080  190.2350  190.2580
sd          1.9762    1.973    1.9409    1.9234    1.9247    1.9208    1.9176
                                                                              
Sites    1464.0000 1465.0000 1466.0000 1467.0000 1468.0000 1469.0000 1470.0000
Richness  190.2930  190.3190  190.3430  190.3690  190.4070  190.4400  190.4700
sd          1.8965    1.8907    1.8727    1.8645    1.8609    1.8335    1.8178
                                                                              
Sites    1471.0000 1472.0000 1473.0000 1474.0000 1475.0000 1476.0000 1477.0000
Richness  190.4980  190.5260  190.5470  190.5670  190.6000  190.6390  190.6640
sd          1.8164    1.8085    1.7942    1.7974    1.7925    1.7759    1.7687
                                                                              
Sites    1478.0000 1479.0000 1480.0000 1481.0000 1482.0000 1483.0000 1484.0000
Richness  190.6800  190.6980  190.7320  190.7590  190.7890  190.8280  190.8620
sd          1.7694    1.7635    1.7502    1.7418    1.7359    1.7115    1.6881
                                                                              
Sites    1485.0000 1486.0000 1487.0000 1488.0000 1489.0000 1490.0000 1491.0000
Richness  190.8940  190.9250  190.9470  190.9760  190.9950  191.0130  191.0450
sd          1.6851    1.6632    1.6568    1.6389    1.6327    1.6259    1.6154
                                                                             
Sites    1492.0000 1493.0000 1494.0000 1495.000 1496.0000 1497.0000 1498.0000
Richness  191.0700  191.1040  191.1350  191.161  191.1750  191.2000  191.2290
sd          1.6086    1.5905    1.5777    1.567    1.5591    1.5474    1.5411
                                                                            
Sites    1499.0000 1500.000 1501.0000 1502.0000 1503.000 1504.0000 1505.0000
Richness  191.2610  191.281  191.3060  191.3400  191.354  191.3780  191.4100
sd          1.5321    1.522    1.5207    1.5115    1.505    1.4931    1.4887
                                                                              
Sites    1506.0000 1507.0000 1508.0000 1509.0000 1510.0000 1511.0000 1512.0000
Richness  191.4410  191.4720  191.4880  191.5080  191.5320  191.5540  191.5820
sd          1.4788    1.4592    1.4443    1.4388    1.4272    1.4195    1.4104
                                                                              
Sites    1513.0000 1514.0000 1515.0000 1516.0000 1517.0000 1518.0000 1519.0000
Richness  191.6020  191.6370  191.6580  191.6860  191.7120  191.7470  191.7740
sd          1.3977    1.3875    1.3758    1.3584    1.3583    1.3412    1.3231
                                                                             
Sites    1520.0000 1521.000 1522.0000 1523.0000 1524.0000 1525.0000 1526.0000
Richness  191.7900  191.816  191.8540  191.8710  191.9000  191.9380  191.9690
sd          1.3167    1.303    1.3025    1.2954    1.2828    1.2624    1.2488
                                                                              
Sites    1527.0000 1528.0000 1529.0000 1530.0000 1531.0000 1532.0000 1533.0000
Richness  192.0030  192.0250  192.0650  192.0910  192.1210  192.1370  192.1630
sd          1.2135    1.1999    1.1748    1.1662    1.1365    1.1241    1.1035
                                                                            
Sites    1534.0000 1535.0000 1536.0000 1537.0000 1538.000 1539.0000 1540.000
Richness  192.1920  192.2240  192.2580  192.2810  192.303  192.3280  192.357
sd          1.0873    1.0597    1.0347    1.0125    0.990    0.9754    0.951
                                                                             
Sites    1541.000 1542.0000 1543.0000 1544.0000 1545.0000 1546.0000 1547.0000
Richness  192.377  192.4070  192.4450  192.4780  192.5060  192.5340  192.5610
sd          0.939    0.9067    0.8785    0.8545    0.8323    0.8034    0.7943
                                                                             
Sites    1548.0000 1549.0000 1550.0000 1551.0000 1552.0000 1553.000 1554.0000
Richness  192.5820  192.6030  192.6340  192.6640  192.6940  192.718  192.7470
sd          0.7771    0.7576    0.7131    0.6882    0.6563    0.630    0.5877
                                                                             
Sites    1555.0000 1556.0000 1557.000 1558.0000 1559.0000 1560.0000 1561.0000
Richness  192.7720  192.8130  192.836  192.8530  192.8700  192.8970  192.9200
sd          0.5607    0.4963    0.464    0.4423    0.4163    0.3749    0.3372
                                 
Sites    1562.0000 1563.0000 1564
Richness  192.9540  192.9790  193
sd          0.2568    0.1913    0
