Species Accumulation Curve
Accumulation method: random, with 1000 permutations
Call: specaccum(comm = US_DM_collector_species_table, method = "random",      permutations = 1000) 

                                                                           
Sites    1.0000 2.0000 3.0000 4.0000  5.0000  6.0000  7.0000  8.0000  9.000
Richness 2.7300 5.0720 7.2940 9.6040 11.6470 13.5020 15.4680 17.6480 19.465
sd       4.6779 6.4936 7.3028 8.3682  9.1509  9.7066 10.2749 10.9179 11.276
                                                                               
Sites    10.0000 11.0000 12.0000 13.0000 14.0000 15.000 16.0000 17.0000 18.0000
Richness 21.3470 23.0930 24.6430 26.2000 27.8240 29.216 30.5690 31.8520 33.1420
sd       11.9231 12.3501 12.5827 12.8721 13.1856 13.241 13.3646 13.2963 13.3038
                                                                              
Sites    19.0000 20.0000 21.0000 22.0000 23.00 24.0000 25.0000 26.0000 27.0000
Richness 34.4350 35.4870 36.7990 38.0900 39.22 40.2470 41.4030 42.4220 43.3530
sd       13.4484 13.3967 13.3572 13.3942 13.54 13.7182 13.7533 13.8466 13.7865
                                                                        
Sites    28.0000 29.0000 30.0000 31.0000 32.0000 33.0000 34.0000 35.0000
Richness 44.4490 45.4190 46.3330 47.3410 48.1850 48.9900 49.8110 50.6140
sd       13.8516 13.9576 13.9951 14.0347 13.9125 13.9054 13.8471 13.8361
                                                                        
Sites    36.0000 37.0000 38.0000 39.0000 40.0000 41.0000 42.0000 43.0000
Richness 51.4080 52.2300 53.0210 53.7400 54.4880 55.2310 55.8370 56.5530
sd       13.8131 13.7772 13.7691 13.7193 13.6909 13.5995 13.6053 13.5523
                                                                               
Sites    44.0000 45.0000 46.0000 47.0000 48.0000 49.0000 50.0000 51.0000 52.000
Richness 57.2230 57.9700 58.7640 59.5350 60.1560 60.7960 61.4450 62.0470 62.577
sd       13.6207 13.6681 13.6391 13.6691 13.6581 13.6657 13.7123 13.6348 13.578
                                                                        
Sites    53.0000 54.0000 55.0000 56.0000 57.0000 58.0000 59.0000 60.0000
Richness 63.2360 63.8450 64.4740 65.1170 65.6510 66.2200 66.9260 67.5230
sd       13.5759 13.6374 13.6188 13.7068 13.6608 13.6213 13.5521 13.5784
                                                                               
Sites    61.0000 62.000 63.0000 64.0000 65.0000 66.0000 67.0000 68.0000 69.0000
Richness 68.0510 68.594 69.1760 69.6460 70.1290 70.6270 71.0590 71.5550 72.0540
sd       13.5008 13.436 13.4709 13.4364 13.4324 13.3998 13.3801 13.3743 13.2677
                                                                        
Sites    70.0000 71.0000 72.0000 73.0000 74.0000 75.0000 76.0000 77.0000
Richness 72.4900 72.9230 73.3780 73.7850 74.2760 74.7790 75.2540 75.6850
sd       13.2655 13.2035 13.1772 13.1139 13.0453 12.9451 12.9796 12.9408
                                                                        
Sites    78.0000 79.0000 80.0000 81.0000 82.0000 83.0000 84.0000 85.0000
Richness 76.1080 76.6020 77.0050 77.4820 77.8700 78.2780 78.7030 79.1090
sd       12.9185 12.8534 12.8316 12.7565 12.7018 12.6896 12.6567 12.5977
                                                                        
Sites    86.0000 87.0000 88.0000 89.0000 90.0000 91.0000 92.0000 93.0000
Richness 79.5240 79.8710 80.2070 80.6750 81.1280 81.5630 81.9710 82.3020
sd       12.5061 12.4738 12.4595 12.5468 12.5494 12.4999 12.5034 12.4662
                                                                          
Sites    94.0000 95.0000 96.0000 97.0000 98.0000 99.0000 100.0000 101.0000
Richness 82.6400 82.9760 83.3220 83.7210 84.1140 84.4900  84.8790  85.2380
sd       12.4665 12.4149 12.4069 12.3669 12.3287 12.3224  12.2373  12.2053
                                                                            
Sites    102.0000 103.000 104.0000 105.000 106.0000 107.000 108.000 109.0000
Richness  85.5560  85.949  86.2860  86.680  87.0100  87.302  87.687  88.0060
sd        12.1828  12.183  12.1128  12.125  12.0902  12.031  11.976  11.9255
                                                                               
Sites    110.0000 111.0000 112.0000 113.000 114.0000 115.0000 116.0000 117.0000
Richness  88.3590  88.7130  89.0500  89.335  89.5460  89.8570  90.1150  90.3420
sd        11.8948  11.8993  11.8481  11.812  11.7996  11.7056  11.6899  11.6618
                                                                       
Sites    118.0000 119.0000 120.0000 121.0000 122.0000 123.0000 124.0000
Richness  90.6280  90.9600  91.2690  91.6860  91.9600  92.2100  92.5530
sd        11.6148  11.5524  11.5601  11.5599  11.5514  11.5116  11.5261
                                                                       
Sites    125.0000 126.0000 127.0000 128.0000 129.0000 130.0000 131.0000
Richness  92.8600  93.1440  93.3670  93.6740  93.9550  94.2540  94.5080
sd        11.4854  11.3771  11.3631  11.3334  11.3327  11.3436  11.3344
                                                                       
Sites    132.0000 133.0000 134.0000 135.0000 136.0000 137.0000 138.0000
Richness  94.7220  94.9320  95.1690  95.5010  95.7080  96.0420  96.3030
sd        11.3166  11.2711  11.2642  11.2058  11.1769  11.1203  11.1185
                                                                       
Sites    139.0000 140.0000 141.0000 142.0000 143.0000 144.0000 145.0000
Richness  96.5280  96.8030  97.0300  97.3490  97.5930  97.8300  98.1430
sd        11.0653  11.0291  11.0112  10.9507  10.9063  10.9211  10.8599
                                                                              
Sites    146.0000 147.000 148.0000 149.0000 150.0000 151.0000 152.0000 153.000
Richness  98.3970  98.617  98.8290  99.1210  99.3590  99.5710  99.8110 100.060
sd        10.8704  10.861  10.8439  10.8471  10.8606  10.8197  10.8166  10.793
                                                                               
Sites    154.0000 155.0000 156.000 157.0000 158.0000 159.0000 160.0000 161.0000
Richness 100.2760 100.4930 100.718 100.9820 101.2150 101.4540 101.7370 101.9960
sd        10.7605  10.7323  10.675  10.6227  10.5937  10.5552  10.5337  10.5363
                                                                       
Sites    162.0000 163.0000 164.0000 165.0000 166.0000 167.0000 168.0000
Richness 102.1630 102.3450 102.5220 102.7330 102.9650 103.1520 103.3200
sd        10.5288  10.5648  10.5546  10.4966  10.4432  10.4578  10.4623
                                                                       
Sites    169.0000 170.0000 171.0000 172.0000 173.0000 174.0000 175.0000
Richness 103.4910 103.7270 103.9320 104.1940 104.4240 104.6220 104.7980
sd        10.4438  10.3952  10.3771  10.3592  10.3317  10.3326  10.3058
                                                                       
Sites    176.0000 177.0000 178.0000 179.0000 180.0000 181.0000 182.0000
Richness 105.0180 105.2090 105.4260 105.6430 105.8220 106.0280 106.2160
sd        10.2776  10.2011  10.1704  10.1725  10.1613  10.1375  10.1408
                                                                               
Sites    183.0000 184.0000 185.0000 186.0000 187.000 188.0000 189.0000 190.0000
Richness 106.4490 106.6770 106.8710 107.0540 107.272 107.4840 107.6870 107.8660
sd        10.1423  10.0891  10.1038  10.0541  10.058  10.0152   9.9383   9.9306
                                                                       
Sites    191.0000 192.0000 193.0000 194.0000 195.0000 196.0000 197.0000
Richness 108.0510 108.2410 108.4330 108.6190 108.8300 109.0250 109.2100
sd         9.9291   9.9429   9.8595   9.8111   9.7852   9.8085   9.7683
                                                                              
Sites    198.0000 199.000 200.000 201.0000 202.0000 203.0000 204.0000 205.0000
Richness 109.3810 109.556 109.776 109.9570 110.1520 110.3350 110.5320 110.6590
sd         9.7419   9.704   9.643   9.6284   9.6227   9.6143   9.6062   9.5911
                                                                       
Sites    206.0000 207.0000 208.0000 209.0000 210.0000 211.0000 212.0000
Richness 110.8490 111.0670 111.2930 111.4600 111.6130 111.8330 111.9890
sd         9.5581   9.5707   9.5815   9.5687   9.5566   9.5044   9.4997
                                                                       
Sites    213.0000 214.0000 215.0000 216.0000 217.0000 218.0000 219.0000
Richness 112.1770 112.4050 112.5900 112.7540 112.9200 113.1670 113.3380
sd         9.5291   9.5013   9.4769   9.4265   9.4153   9.4025   9.3856
                                                                               
Sites    220.0000 221.0000 222.0000 223.0000 224.0000 225.0000 226.000 227.0000
Richness 113.4820 113.6360 113.8200 113.9850 114.1610 114.3390 114.502 114.6460
sd         9.3788   9.3787   9.3118   9.2611   9.2242   9.2144   9.205   9.1849
                                                                       
Sites    228.0000 229.0000 230.0000 231.0000 232.0000 233.0000 234.0000
Richness 114.8220 115.0080 115.1830 115.3650 115.5330 115.6340 115.7970
sd         9.2202   9.1762   9.1296   9.1039   9.0394   9.0619   9.0411
                                                                               
Sites    235.0000 236.000 237.0000 238.0000 239.0000 240.0000 241.0000 242.0000
Richness 115.9650 116.132 116.2900 116.4450 116.6070 116.7460 116.9350 117.1220
sd         9.0216   8.997   8.9608   8.9577   8.9253   8.9089   8.8317   8.8025
                                                                       
Sites    243.0000 244.0000 245.0000 246.0000 247.0000 248.0000 249.0000
Richness 117.3210 117.4700 117.6040 117.7410 117.9080 118.0660 118.2370
sd         8.7911   8.7934   8.7789   8.7132   8.6631   8.6623   8.6032
                                                                       
Sites    250.0000 251.0000 252.0000 253.0000 254.0000 255.0000 256.0000
Richness 118.3640 118.5060 118.6690 118.8080 118.9410 119.0800 119.2020
sd         8.5729   8.5453   8.5527   8.5791   8.5413   8.5419   8.5233
                                                                               
Sites    257.0000 258.0000 259.0000 260.0000 261.0000 262.0000 263.0000 264.000
Richness 119.3700 119.4950 119.6340 119.7720 119.8870 120.0270 120.1690 120.301
sd         8.4885   8.4809   8.4763   8.4528   8.4344   8.4341   8.4034   8.394
                                                                       
Sites    265.0000 266.0000 267.0000 268.0000 269.0000 270.0000 271.0000
Richness 120.4370 120.6180 120.7480 120.8820 121.0280 121.1480 121.2580
sd         8.3833   8.3814   8.3809   8.3562   8.3907   8.3766   8.4035
                                                                       
Sites    272.0000 273.0000 274.0000 275.0000 276.0000 277.0000 278.0000
Richness 121.4150 121.5290 121.6880 121.8100 121.9500 122.0720 122.2330
sd         8.4093   8.4132   8.4026   8.4018   8.3581   8.3531   8.3735
                                                                               
Sites    279.0000 280.0000 281.0000 282.000 283.0000 284.0000 285.0000 286.0000
Richness 122.3880 122.4960 122.6300 122.755 122.8810 123.0250 123.1520 123.3130
sd         8.3599   8.3551   8.3374   8.326   8.3203   8.2654   8.2796   8.2647
                                                                               
Sites    287.0000 288.000 289.0000 290.0000 291.0000 292.0000 293.0000 294.0000
Richness 123.4530 123.563 123.6560 123.8110 123.9780 124.1120 124.2320 124.3420
sd         8.2586   8.227   8.2402   8.2231   8.1844   8.1439   8.1403   8.1153
                                                                               
Sites    295.0000 296.0000 297.0000 298.000 299.0000 300.0000 301.0000 302.0000
Richness 124.4830 124.6410 124.7490 124.885 124.9960 125.1090 125.2640 125.3830
sd         8.1054   8.1337   8.1399   8.137   8.1111   8.0892   8.0316   8.0311
                                                                               
Sites    303.0000 304.0000 305.0000 306.0000 307.000 308.0000 309.0000 310.0000
Richness 125.4960 125.5990 125.7100 125.8500 125.981 126.1240 126.2400 126.3970
sd         8.0295   8.0035   7.9833   7.9847   7.926   7.9274   7.9132   7.9082
                                                                       
Sites    311.0000 312.0000 313.0000 314.0000 315.0000 316.0000 317.0000
Richness 126.4810 126.5940 126.7160 126.8480 126.9640 127.0910 127.2040
sd         7.8833   7.8709   7.8556   7.8316   7.8381   7.8356   7.8134
                                                                               
Sites    318.0000 319.0000 320.0000 321.0000 322.0000 323.0000 324.000 325.0000
Richness 127.3560 127.4790 127.6210 127.7340 127.8540 127.9370 128.067 128.1640
sd         7.7775   7.7538   7.7307   7.7248   7.7358   7.7396   7.711   7.7163
                                                                               
Sites    326.000 327.0000 328.0000 329.0000 330.0000 331.0000 332.0000 333.0000
Richness 128.284 128.3720 128.4860 128.6040 128.7000 128.8040 128.8950 129.0100
sd         7.703   7.6962   7.7227   7.7165   7.6811   7.6653   7.6689   7.6721
                                                                               
Sites    334.0000 335.0000 336.0000 337.0000 338.0000 339.000 340.0000 341.0000
Richness 129.1400 129.2660 129.4100 129.5000 129.6210 129.715 129.8230 129.9360
sd         7.6915   7.6864   7.6963   7.6841   7.6911   7.693   7.6912   7.6834
                                                                       
Sites    342.0000 343.0000 344.0000 345.0000 346.0000 347.0000 348.0000
Richness 130.0340 130.1310 130.2090 130.2990 130.4120 130.5310 130.6430
sd         7.6706   7.6822   7.6749   7.6538   7.6505   7.6422   7.6432
                                                                       
Sites    349.0000 350.0000 351.0000 352.0000 353.0000 354.0000 355.0000
Richness 130.7610 130.8590 130.9750 131.0760 131.1890 131.2910 131.4030
sd         7.6322   7.6236   7.6108   7.6082   7.6051   7.5885   7.5794
                                                                       
Sites    356.0000 357.0000 358.0000 359.0000 360.0000 361.0000 362.0000
Richness 131.5020 131.6000 131.7020 131.8190 131.9120 132.0210 132.1170
sd         7.5797   7.5551   7.5579   7.5311   7.5043   7.4987   7.4841
                                                                               
Sites    363.0000 364.0000 365.0000 366.0000 367.0000 368.000 369.0000 370.0000
Richness 132.2140 132.3020 132.4040 132.5170 132.6030 132.721 132.8470 132.9670
sd         7.4815   7.4826   7.4759   7.5016   7.4886   7.485   7.4766   7.4666
                                                                       
Sites    371.0000 372.0000 373.0000 374.0000 375.0000 376.0000 377.0000
Richness 133.0820 133.1810 133.2660 133.3670 133.4940 133.5800 133.6790
sd         7.4446   7.4657   7.4689   7.4678   7.4838   7.4779   7.4725
                                                                       
Sites    378.0000 379.0000 380.0000 381.0000 382.0000 383.0000 384.0000
Richness 133.7740 133.8550 133.9510 134.0220 134.1150 134.2170 134.3240
sd         7.4645   7.4687   7.4489   7.4507   7.4308   7.4257   7.4247
                                                                       
Sites    385.0000 386.0000 387.0000 388.0000 389.0000 390.0000 391.0000
Richness 134.4180 134.4860 134.5830 134.6860 134.7860 134.8840 134.9770
sd         7.3943   7.3944   7.3927   7.3547   7.3552   7.3465   7.3405
                                                                               
Sites    392.0000 393.0000 394.0000 395.0000 396.0000 397.0000 398.0000 399.000
Richness 135.0730 135.1510 135.2370 135.3280 135.4190 135.5270 135.6260 135.733
sd         7.3352   7.3294   7.3337   7.3131   7.3191   7.3113   7.2972   7.284
                                                                       
Sites    400.0000 401.0000 402.0000 403.0000 404.0000 405.0000 406.0000
Richness 135.8320 135.9280 136.0450 136.1410 136.2470 136.3490 136.4210
sd         7.2844   7.2546   7.2416   7.2298   7.2198   7.2066   7.2057
                                                                       
Sites    407.0000 408.0000 409.0000 410.0000 411.0000 412.0000 413.0000
Richness 136.5130 136.6320 136.7100 136.7940 136.8960 136.9790 137.0760
sd         7.2171   7.1925   7.1752   7.1858   7.2059   7.2152   7.1962
                                                                       
Sites    414.0000 415.0000 416.0000 417.0000 418.0000 419.0000 420.0000
Richness 137.1790 137.2690 137.3480 137.4340 137.5150 137.5960 137.7020
sd         7.1804   7.1544   7.1379   7.1371   7.1412   7.1445   7.1283
                                                                               
Sites    421.0000 422.0000 423.0000 424.0000 425.0000 426.000 427.0000 428.0000
Richness 137.7830 137.8950 137.9910 138.1020 138.1870 138.286 138.3800 138.4940
sd         7.1242   7.1095   7.1031   7.0805   7.0739   7.076   7.0556   7.0706
                                                                               
Sites    429.0000 430.0000 431.0000 432.0000 433.0000 434.0000 435.0000 436.000
Richness 138.5870 138.6620 138.7380 138.8320 138.9210 139.0150 139.1230 139.220
sd         7.0639   7.0545   7.0532   7.0491   7.0385   7.0167   6.9996   6.994
                                                                       
Sites    437.0000 438.0000 439.0000 440.0000 441.0000 442.0000 443.0000
Richness 139.2950 139.3700 139.4440 139.5280 139.6170 139.7020 139.7970
sd         6.9918   6.9721   6.9733   6.9429   6.9454   6.9297   6.9406
                                                                       
Sites    444.0000 445.0000 446.0000 447.0000 448.0000 449.0000 450.0000
Richness 139.8870 139.9510 140.0610 140.1360 140.2270 140.3070 140.4010
sd         6.9509   6.9656   6.9722   6.9554   6.9472   6.9459   6.9477
                                                                               
Sites    451.0000 452.0000 453.0000 454.000 455.0000 456.0000 457.0000 458.0000
Richness 140.4930 140.5790 140.6640 140.739 140.8140 140.9020 140.9880 141.0670
sd         6.9289   6.9005   6.8916   6.896   6.8831   6.8661   6.8653   6.8483
                                                                              
Sites    459.0000 460.0000 461.0000 462.000 463.0000 464.0000 465.0000 466.000
Richness 141.1450 141.2580 141.3300 141.417 141.5040 141.6000 141.7090 141.780
sd         6.8405   6.8408   6.8353   6.846   6.8645   6.8556   6.8651   6.838
                                                                       
Sites    467.0000 468.0000 469.0000 470.0000 471.0000 472.0000 473.0000
Richness 141.8560 141.9330 142.0020 142.0960 142.1570 142.2500 142.3150
sd         6.8364   6.8228   6.8235   6.7979   6.7936   6.7945   6.7951
                                                                       
Sites    474.0000 475.0000 476.0000 477.0000 478.0000 479.0000 480.0000
Richness 142.4070 142.4810 142.5760 142.6590 142.7440 142.8180 142.9250
sd         6.7833   6.7789   6.7878   6.7952   6.7651   6.7623   6.7589
                                                                               
Sites    481.0000 482.0000 483.0000 484.0000 485.0000 486.0000 487.000 488.0000
Richness 143.0090 143.0730 143.1490 143.2160 143.3050 143.3730 143.470 143.5420
sd         6.7203   6.7068   6.7003   6.7018   6.6959   6.6832   6.667   6.6716
                                                                       
Sites    489.0000 490.0000 491.0000 492.0000 493.0000 494.0000 495.0000
Richness 143.6450 143.7110 143.8010 143.8620 143.9410 144.0220 144.0780
sd         6.6481   6.6322   6.6403   6.6285   6.6193   6.6305   6.6248
                                                                               
Sites    496.0000 497.0000 498.0000 499.0000 500.000 501.0000 502.0000 503.0000
Richness 144.1480 144.2210 144.3080 144.3800 144.461 144.5520 144.6180 144.6980
sd         6.6159   6.6136   6.5893   6.5738   6.558   6.5713   6.5751   6.5602
                                                                               
Sites    504.0000 505.0000 506.0000 507.0000 508.0000 509.0000 510.000 511.0000
Richness 144.7650 144.8210 144.9100 144.9970 145.0630 145.1550 145.234 145.3100
sd         6.5369   6.5391   6.5218   6.5172   6.5212   6.5299   6.507   6.4983
                                                                               
Sites    512.0000 513.0000 514.0000 515.000 516.0000 517.0000 518.0000 519.0000
Richness 145.3900 145.4640 145.5340 145.619 145.6690 145.7630 145.8300 145.9040
sd         6.4841   6.4958   6.4854   6.494   6.4782   6.4704   6.4824   6.4911
                                                                              
Sites    520.0000 521.0000 522.0000 523.0000 524.0000 525.000 526.0000 527.000
Richness 145.9880 146.0500 146.1290 146.1770 146.2560 146.310 146.3780 146.455
sd         6.4868   6.4679   6.4554   6.4474   6.4338   6.439   6.4262   6.433
                                                                               
Sites    528.0000 529.0000 530.0000 531.0000 532.000 533.0000 534.0000 535.0000
Richness 146.5340 146.6030 146.6760 146.7460 146.834 146.8980 146.9750 147.0300
sd         6.4324   6.4465   6.4464   6.4348   6.417   6.4077   6.3965   6.4097
                                                                               
Sites    536.0000 537.0000 538.0000 539.000 540.0000 541.0000 542.0000 543.0000
Richness 147.0840 147.1480 147.2030 147.280 147.3730 147.4270 147.4980 147.5700
sd         6.4103   6.3935   6.3929   6.395   6.3662   6.3496   6.3314   6.3023
                                                                       
Sites    544.0000 545.0000 546.0000 547.0000 548.0000 549.0000 550.0000
Richness 147.6350 147.7070 147.7670 147.8230 147.8740 147.9440 148.0150
sd         6.3028   6.2982   6.2852   6.2799   6.2925   6.2805   6.2696
                                                                               
Sites    551.0000 552.0000 553.0000 554.0000 555.0000 556.0000 557.000 558.0000
Richness 148.0550 148.1280 148.1980 148.2770 148.3560 148.4130 148.475 148.5520
sd         6.2692   6.2444   6.2663   6.2755   6.2573   6.2453   6.245   6.2425
                                                                               
Sites    559.0000 560.0000 561.0000 562.0000 563.0000 564.000 565.0000 566.0000
Richness 148.6190 148.7110 148.7600 148.8230 148.8980 148.965 149.0330 149.1010
sd         6.2436   6.2454   6.2459   6.2366   6.2179   6.210   6.1971   6.1891
                                                                       
Sites    567.0000 568.0000 569.0000 570.0000 571.0000 572.0000 573.0000
Richness 149.1490 149.2200 149.2900 149.3560 149.4140 149.5010 149.5600
sd         6.1698   6.1718   6.1926   6.1853   6.1763   6.1876   6.1837
                                                                               
Sites    574.0000 575.0000 576.0000 577.000 578.0000 579.0000 580.0000 581.0000
Richness 149.6330 149.6940 149.7720 149.831 149.9030 149.9650 150.0400 150.1050
sd         6.1852   6.1769   6.1657   6.143   6.1237   6.1114   6.1144   6.1153
                                                                       
Sites    582.0000 583.0000 584.0000 585.0000 586.0000 587.0000 588.0000
Richness 150.1690 150.2520 150.3140 150.3650 150.4170 150.4890 150.5690
sd         6.1116   6.0873   6.0811   6.0785   6.0711   6.0503   6.0374
                                                                       
Sites    589.0000 590.0000 591.0000 592.0000 593.0000 594.0000 595.0000
Richness 150.6300 150.6900 150.7470 150.8010 150.8470 150.9170 150.9740
sd         6.0496   6.0705   6.0534   6.0569   6.0587   6.0477   6.0355
                                                                              
Sites    596.0000 597.0000 598.0000 599.0000 600.0000 601.000 602.0000 603.000
Richness 151.0330 151.0960 151.1610 151.2210 151.2730 151.339 151.3790 151.426
sd         6.0304   6.0338   6.0281   6.0095   6.0055   6.002   6.0094   6.010
                                                                               
Sites    604.0000 605.0000 606.0000 607.0000 608.0000 609.0000 610.000 611.0000
Richness 151.4800 151.5550 151.6000 151.6730 151.7310 151.7800 151.837 151.8930
sd         6.0115   6.0053   5.9901   5.9913   5.9947   5.9915   5.992   5.9802
                                                                       
Sites    612.0000 613.0000 614.0000 615.0000 616.0000 617.0000 618.0000
Richness 151.9910 152.0540 152.1290 152.1890 152.2520 152.3160 152.3670
sd         5.9797   5.9802   5.9786   5.9604   5.9624   5.9639   5.9684
                                                                              
Sites    619.0000 620.0000 621.0000 622.000 623.000 624.0000 625.0000 626.0000
Richness 152.4440 152.5130 152.5710 152.615 152.681 152.7360 152.7780 152.8500
sd         5.9775   5.9754   5.9686   5.957   5.952   5.9472   5.9284   5.9032
                                                                               
Sites    627.0000 628.0000 629.0000 630.0000 631.0000 632.000 633.0000 634.0000
Richness 152.9160 152.9690 153.0400 153.1050 153.1560 153.217 153.2860 153.3410
sd         5.8973   5.8766   5.8678   5.8575   5.8564   5.853   5.8495   5.8475
                                                                       
Sites    635.0000 636.0000 637.0000 638.0000 639.0000 640.0000 641.0000
Richness 153.3970 153.4410 153.5060 153.5460 153.6150 153.6690 153.7250
sd         5.8354   5.8423   5.8438   5.8275   5.8365   5.8355   5.8209
                                                                       
Sites    642.0000 643.0000 644.0000 645.0000 646.0000 647.0000 648.0000
Richness 153.7900 153.8500 153.9200 153.9760 154.0360 154.0910 154.1540
sd         5.8074   5.7866   5.7847   5.7889   5.7786   5.7694   5.7454
                                                                               
Sites    649.0000 650.0000 651.0000 652.0000 653.000 654.0000 655.0000 656.0000
Richness 154.2240 154.2950 154.3550 154.4080 154.459 154.5130 154.5890 154.6470
sd         5.7371   5.7349   5.7477   5.7382   5.741   5.7363   5.7218   5.7272
                                                                       
Sites    657.0000 658.0000 659.0000 660.0000 661.0000 662.0000 663.0000
Richness 154.7250 154.7750 154.8340 154.8780 154.9220 154.9890 155.0530
sd         5.7077   5.6992   5.6909   5.6991   5.6886   5.7049   5.7057
                                                                       
Sites    664.0000 665.0000 666.0000 667.0000 668.0000 669.0000 670.0000
Richness 155.1190 155.1820 155.2190 155.2650 155.3160 155.3680 155.4130
sd         5.6938   5.6924   5.6871   5.6864   5.6777   5.6814   5.6724
                                                                               
Sites    671.0000 672.0000 673.0000 674.0000 675.0000 676.000 677.0000 678.0000
Richness 155.4630 155.5300 155.5870 155.6690 155.7310 155.790 155.8320 155.8920
sd         5.6746   5.6803   5.6828   5.6762   5.6725   5.677   5.6683   5.6712
                                                                              
Sites    679.0000 680.000 681.0000 682.0000 683.0000 684.0000 685.000 686.0000
Richness 155.9470 156.002 156.0450 156.1040 156.1660 156.2330 156.275 156.3180
sd         5.6558   5.639   5.6408   5.6462   5.6354   5.6268   5.624   5.6234
                                                                             
Sites    687.0000 688.000 689.0000 690.0000 691.000 692.0000 693.000 694.0000
Richness 156.3520 156.398 156.4510 156.5040 156.563 156.6080 156.672 156.7410
sd         5.6212   5.619   5.5949   5.5949   5.581   5.5769   5.579   5.5711
                                                                               
Sites    695.0000 696.0000 697.0000 698.0000 699.0000 700.000 701.0000 702.0000
Richness 156.8070 156.8620 156.9140 156.9600 157.0170 157.083 157.1440 157.1960
sd         5.5644   5.5382   5.5369   5.5262   5.5083   5.490   5.4762   5.4834
                                                                       
Sites    703.0000 704.0000 705.0000 706.0000 707.0000 708.0000 709.0000
Richness 157.2540 157.3030 157.3540 157.4010 157.4540 157.5190 157.5860
sd         5.4827   5.4812   5.4828   5.4893   5.4878   5.4798   5.4884
                                                                       
Sites    710.0000 711.0000 712.0000 713.0000 714.0000 715.0000 716.0000
Richness 157.6420 157.6970 157.7430 157.7970 157.8480 157.9070 157.9500
sd         5.5006   5.5023   5.4985   5.4885   5.4733   5.4877   5.4949
                                                                               
Sites    717.0000 718.0000 719.0000 720.0000 721.0000 722.0000 723.000 724.0000
Richness 158.0080 158.0740 158.1220 158.1620 158.2180 158.2820 158.330 158.3860
sd         5.4854   5.4786   5.4888   5.4867   5.4835   5.4645   5.434   5.4252
                                                                               
Sites    725.0000 726.0000 727.0000 728.0000 729.0000 730.000 731.0000 732.0000
Richness 158.4380 158.5050 158.5360 158.5950 158.6470 158.695 158.7450 158.7990
sd         5.4242   5.4151   5.4166   5.4133   5.4083   5.396   5.4007   5.4083
                                                                       
Sites    733.0000 734.0000 735.0000 736.0000 737.0000 738.0000 739.0000
Richness 158.8670 158.9040 158.9500 158.9980 159.0450 159.0890 159.1470
sd         5.4093   5.3987   5.3943   5.3845   5.3824   5.3783   5.3742
                                                                       
Sites    740.0000 741.0000 742.0000 743.0000 744.0000 745.0000 746.0000
Richness 159.1930 159.2430 159.2890 159.3290 159.3740 159.4120 159.4590
sd         5.3586   5.3651   5.3487   5.3402   5.3307   5.3153   5.3114
                                                                       
Sites    747.0000 748.0000 749.0000 750.0000 751.0000 752.0000 753.0000
Richness 159.5060 159.5660 159.6190 159.6850 159.7270 159.7780 159.8270
sd         5.2941   5.2828   5.2797   5.2611   5.2646   5.2498   5.2525
                                                                              
Sites    754.0000 755.0000 756.0000 757.0000 758.0000 759.000 760.000 761.0000
Richness 159.8640 159.9270 159.9720 160.0320 160.0810 160.129 160.186 160.2370
sd         5.2478   5.2422   5.2305   5.2244   5.2094   5.209   5.205   5.1992
                                                                       
Sites    762.0000 763.0000 764.0000 765.0000 766.0000 767.0000 768.0000
Richness 160.2750 160.3270 160.3820 160.4330 160.4720 160.5330 160.5790
sd         5.1838   5.1727   5.1824   5.1837   5.1871   5.1884   5.2024
                                                                              
Sites    769.0000 770.0000 771.0000 772.000 773.000 774.0000 775.0000 776.0000
Richness 160.6220 160.6840 160.7390 160.780 160.847 160.8820 160.9230 160.9690
sd         5.2016   5.2151   5.2031   5.192   5.180   5.1731   5.1805   5.1748
                                                                               
Sites    777.0000 778.0000 779.0000 780.000 781.0000 782.0000 783.0000 784.0000
Richness 161.0170 161.0610 161.1160 161.163 161.2160 161.2670 161.3110 161.3740
sd         5.1807   5.1635   5.1487   5.159   5.1699   5.1754   5.1799   5.1638
                                                                               
Sites    785.0000 786.0000 787.0000 788.000 789.0000 790.0000 791.0000 792.0000
Richness 161.4100 161.4920 161.5460 161.588 161.6330 161.6710 161.7140 161.7570
sd         5.1514   5.1319   5.1198   5.122   5.1224   5.1302   5.1313   5.1151
                                                                               
Sites    793.0000 794.0000 795.0000 796.0000 797.0000 798.0000 799.000 800.0000
Richness 161.8200 161.8650 161.9170 161.9740 162.0160 162.0710 162.137 162.1850
sd         5.1184   5.1322   5.1219   5.1131   5.1086   5.0959   5.092   5.0905
                                                                               
Sites    801.0000 802.0000 803.0000 804.0000 805.0000 806.0000 807.000 808.0000
Richness 162.2250 162.2810 162.3130 162.3730 162.4240 162.4710 162.527 162.5760
sd         5.0823   5.0894   5.0934   5.0921   5.0711   5.0526   5.054   5.0569
                                                                               
Sites    809.0000 810.0000 811.0000 812.0000 813.0000 814.0000 815.0000 816.000
Richness 162.6330 162.6990 162.7490 162.7800 162.8340 162.8790 162.9080 162.946
sd         5.0541   5.0396   5.0483   5.0469   5.0349   5.0358   5.0184   5.020
                                                                       
Sites    817.0000 818.0000 819.0000 820.0000 821.0000 822.0000 823.0000
Richness 162.9920 163.0380 163.0870 163.1340 163.1820 163.2210 163.2690
sd         5.0153   5.0058   4.9908   5.0033   4.9958   5.0015   4.9976
                                                                               
Sites    824.0000 825.0000 826.0000 827.0000 828.000 829.0000 830.0000 831.0000
Richness 163.3020 163.3430 163.3920 163.4380 163.476 163.5140 163.5600 163.6030
sd         4.9994   4.9944   4.9819   4.9724   4.960   4.9619   4.9551   4.9396
                                                                       
Sites    832.0000 833.0000 834.0000 835.0000 836.0000 837.0000 838.0000
Richness 163.6530 163.6930 163.7440 163.7930 163.8400 163.8990 163.9530
sd         4.9349   4.9381   4.9316   4.9084   4.9064   4.8753   4.8753
                                                                       
Sites    839.0000 840.0000 841.0000 842.0000 843.0000 844.0000 845.0000
Richness 163.9890 164.0240 164.0670 164.1210 164.1710 164.2150 164.2600
sd         4.8718   4.8731   4.8818   4.8656   4.8616   4.8442   4.8232
                                                                               
Sites    846.0000 847.0000 848.0000 849.0000 850.0000 851.0000 852.000 853.0000
Richness 164.3060 164.3360 164.3930 164.4500 164.4950 164.5390 164.585 164.6210
sd         4.8241   4.8241   4.8154   4.8069   4.8016   4.8122   4.820   4.8204
                                                                       
Sites    854.0000 855.0000 856.0000 857.0000 858.0000 859.0000 860.0000
Richness 164.6620 164.6980 164.7400 164.7900 164.8210 164.8640 164.8980
sd         4.8178   4.8177   4.8222   4.8219   4.8225   4.8302   4.8225
                                                                              
Sites    861.0000 862.0000 863.0000 864.0000 865.000 866.0000 867.000 868.0000
Richness 164.9540 164.9970 165.0300 165.0700 165.115 165.1480 165.187 165.2340
sd         4.8128   4.8071   4.8081   4.8108   4.799   4.8085   4.812   4.8007
                                                                               
Sites    869.000 870.0000 871.0000 872.0000 873.0000 874.0000 875.0000 876.0000
Richness 165.274 165.3180 165.3570 165.3990 165.4450 165.4810 165.5210 165.5670
sd         4.795   4.8023   4.7925   4.7863   4.7868   4.7794   4.7766   4.7634
                                                                               
Sites    877.0000 878.0000 879.000 880.0000 881.0000 882.0000 883.0000 884.0000
Richness 165.5970 165.6410 165.672 165.7330 165.7760 165.8270 165.8540 165.9060
sd         4.7608   4.7439   4.745   4.7489   4.7432   4.7385   4.7313   4.7218
                                                                               
Sites    885.0000 886.0000 887.000 888.0000 889.0000 890.0000 891.0000 892.0000
Richness 165.9450 165.9810 166.013 166.0630 166.0990 166.1220 166.1660 166.1950
sd         4.7002   4.7014   4.699   4.6924   4.6933   4.6899   4.6875   4.6882
                                                                       
Sites    893.0000 894.0000 895.0000 896.0000 897.0000 898.0000 899.0000
Richness 166.2420 166.2850 166.3240 166.3590 166.3970 166.4360 166.4740
sd         4.6777   4.6733   4.6711   4.6585   4.6438   4.6408   4.6477
                                                                               
Sites    900.0000 901.0000 902.0000 903.0000 904.000 905.0000 906.0000 907.0000
Richness 166.5130 166.5550 166.5930 166.6280 166.658 166.6930 166.7460 166.7810
sd         4.6423   4.6371   4.6442   4.6296   4.618   4.6254   4.6049   4.6055
                                                                              
Sites    908.0000 909.0000 910.000 911.0000 912.0000 913.0000 914.000 915.0000
Richness 166.8280 166.8660 166.900 166.9480 166.9940 167.0310 167.074 167.1280
sd         4.5919   4.5875   4.582   4.5804   4.5691   4.5621   4.560   4.5449
                                                                       
Sites    916.0000 917.0000 918.0000 919.0000 920.0000 921.0000 922.0000
Richness 167.1730 167.1980 167.2270 167.2800 167.3200 167.3600 167.3930
sd         4.5347   4.5289   4.5268   4.5273   4.5312   4.5271   4.5125
                                                                       
Sites    923.0000 924.0000 925.0000 926.0000 927.0000 928.0000 929.0000
Richness 167.4490 167.4880 167.5280 167.5670 167.5980 167.6270 167.6610
sd         4.5062   4.5091   4.5019   4.5006   4.4987   4.4951   4.4851
                                                                       
Sites    930.0000 931.0000 932.0000 933.0000 934.0000 935.0000 936.0000
Richness 167.6990 167.7320 167.7740 167.8300 167.8650 167.9120 167.9440
sd         4.4872   4.4847   4.4709   4.4732   4.4675   4.4578   4.4545
                                                                               
Sites    937.0000 938.0000 939.0000 940.0000 941.0000 942.0000 943.0000 944.000
Richness 167.9930 168.0300 168.0780 168.1120 168.1450 168.1780 168.2140 168.255
sd         4.4525   4.4388   4.4262   4.4189   4.4133   4.4088   4.4136   4.404
                                                                               
Sites    945.0000 946.0000 947.0000 948.0000 949.0000 950.0000 951.0000 952.000
Richness 168.3060 168.3320 168.3710 168.4020 168.4370 168.4940 168.5310 168.572
sd         4.3879   4.3901   4.3887   4.3911   4.3856   4.3739   4.3711   4.366
                                                                       
Sites    953.0000 954.0000 955.0000 956.0000 957.0000 958.0000 959.0000
Richness 168.6120 168.6490 168.6820 168.7150 168.7580 168.7930 168.8420
sd         4.3426   4.3337   4.3215   4.3186   4.3142   4.3112   4.2988
                                                                               
Sites    960.0000 961.0000 962.0000 963.0000 964.0000 965.0000 966.000 967.0000
Richness 168.8890 168.9370 168.9690 169.0210 169.0680 169.1070 169.146 169.1940
sd         4.3018   4.2981   4.2842   4.2683   4.2562   4.2546   4.243   4.2328
                                                                              
Sites    968.0000 969.0000 970.0000 971.000 972.0000 973.0000 974.0000 975.000
Richness 169.2350 169.2880 169.3160 169.347 169.3980 169.4340 169.4840 169.528
sd         4.2301   4.2115   4.2019   4.195   4.1726   4.1791   4.1854   4.181
                                                                       
Sites    976.0000 977.0000 978.0000 979.0000 980.0000 981.0000 982.0000
Richness 169.5560 169.5930 169.6350 169.6760 169.7060 169.7510 169.7770
sd         4.1733   4.1669   4.1645   4.1461   4.1346   4.1258   4.1273
                                                                              
Sites    983.0000 984.0000 985.000 986.0000 987.0000 988.0000 989.0000 990.000
Richness 169.8130 169.8520 169.900 169.9450 169.9790 170.0280 170.0700 170.094
sd         4.1196   4.0972   4.104   4.1072   4.1055   4.1032   4.0985   4.091
                                                                       
Sites    991.0000 992.0000 993.0000 994.0000 995.0000 996.0000 997.0000
Richness 170.1230 170.1740 170.2100 170.2510 170.2960 170.3330 170.3570
sd         4.0947   4.0915   4.0991   4.1077   4.1148   4.1145   4.1139
                                                                            
Sites    998.0000 999.0000 1000.0000 1001.0000 1002.0000 1003.0000 1004.0000
Richness 170.4080 170.4390  170.4720  170.5130  170.5450  170.5800  170.6270
sd         4.0976   4.0921    4.0907    4.0815    4.0786    4.0765    4.0712
                                                                              
Sites    1005.0000 1006.0000 1007.0000 1008.0000 1009.0000 1010.0000 1011.0000
Richness  170.6580  170.6880  170.7330  170.7720  170.8060  170.8390  170.8740
sd          4.0607    4.0622    4.0492    4.0492    4.0434    4.0526    4.0582
                                                                              
Sites    1012.0000 1013.0000 1014.0000 1015.0000 1016.0000 1017.0000 1018.0000
Richness  170.9130  170.9370  170.9760  171.0210  171.0460  171.0820  171.1140
sd          4.0492    4.0546    4.0415    4.0315    4.0309    4.0221    4.0176
                                                                             
Sites    1019.0000 1020.0000 1021.0000 1022.0000 1023.0000 1024.000 1025.0000
Richness  171.1470  171.1900  171.2160  171.2550  171.2950  171.332  171.3670
sd          4.0224    4.0075    4.0137    4.0065    4.0115    3.996    3.9928
                                                                             
Sites    1026.0000 1027.0000 1028.0000 1029.0000 1030.0000 1031.0000 1032.000
Richness  171.3980  171.4240  171.4520  171.4860  171.5310  171.5680  171.605
sd          3.9884    3.9739    3.9784    3.9552    3.9299    3.9177    3.908
                                                                              
Sites    1033.0000 1034.0000 1035.0000 1036.0000 1037.0000 1038.0000 1039.0000
Richness  171.6480  171.6740  171.7070  171.7440  171.7820  171.8060  171.8610
sd          3.8927    3.8929    3.8916    3.8876    3.8796    3.8734    3.8736
                                                                              
Sites    1040.0000 1041.0000 1042.0000 1043.0000 1044.0000 1045.0000 1046.0000
Richness  171.8880  171.9160  171.9600  172.0010  172.0310  172.0760  172.1020
sd          3.8663    3.8652    3.8708    3.8543    3.8508    3.8514    3.8544
                                                                            
Sites    1047.000 1048.0000 1049.0000 1050.0000 1051.0000 1052.0000 1053.000
Richness  172.131  172.1620  172.2030  172.2370  172.2760  172.3100  172.333
sd          3.857    3.8511    3.8443    3.8481    3.8276    3.8106    3.799
                                                                              
Sites    1054.0000 1055.0000 1056.0000 1057.0000 1058.0000 1059.0000 1060.0000
Richness  172.3740  172.4060  172.4510  172.4940  172.5240  172.5450  172.5870
sd          3.7832    3.7764    3.7672    3.7667    3.7749    3.7712    3.7615
                                                                             
Sites    1061.0000 1062.0000 1063.000 1064.0000 1065.0000 1066.0000 1067.0000
Richness  172.6170  172.6560  172.700  172.7370  172.7650  172.7900  172.8290
sd          3.7559    3.7587    3.755    3.7486    3.7496    3.7446    3.7483
                                                                              
Sites    1068.0000 1069.0000 1070.0000 1071.0000 1072.0000 1073.0000 1074.0000
Richness  172.8560  172.8930  172.9170  172.9570  173.0000  173.0420  173.0730
sd          3.7359    3.7201    3.7129    3.7115    3.7035    3.7027    3.6934
                                                                             
Sites    1075.0000 1076.0000 1077.000 1078.0000 1079.0000 1080.0000 1081.0000
Richness  173.1160  173.1660  173.200  173.2280  173.2640  173.2960  173.3340
sd          3.6865    3.6647    3.669    3.6695    3.6606    3.6682    3.6578
                                                                             
Sites    1082.0000 1083.0000 1084.0000 1085.0000 1086.0000 1087.000 1088.0000
Richness  173.3670  173.3850  173.4120  173.4500  173.4900  173.539  173.5740
sd          3.6565    3.6436    3.6458    3.6462    3.6419    3.626    3.6185
                                                                            
Sites    1089.0000 1090.000 1091.0000 1092.0000 1093.0000 1094.000 1095.0000
Richness  173.6030  173.645  173.6890  173.7260  173.7560  173.787  173.8150
sd          3.6064    3.600    3.6077    3.5947    3.5882    3.585    3.5899
                                                                             
Sites    1096.0000 1097.0000 1098.0000 1099.0000 1100.0000 1101.000 1102.0000
Richness  173.8430  173.8880  173.9190  173.9500  173.9760  174.029  174.0700
sd          3.5821    3.5752    3.5782    3.5654    3.5648    3.561    3.5569
                                                                              
Sites    1103.0000 1104.0000 1105.0000 1106.0000 1107.0000 1108.0000 1109.0000
Richness  174.0970  174.1400  174.1780  174.2210  174.2570  174.2950  174.3250
sd          3.5514    3.5473    3.5458    3.5277    3.5247    3.5254    3.5136
                                                                             
Sites    1110.0000 1111.0000 1112.0000 1113.0000 1114.0000 1115.000 1116.0000
Richness  174.3720  174.4120  174.4590  174.4920  174.5260  174.573  174.6050
sd          3.5185    3.5172    3.5192    3.5089    3.5054    3.493    3.4873
                                                                              
Sites    1117.0000 1118.0000 1119.0000 1120.0000 1121.0000 1122.0000 1123.0000
Richness  174.6320  174.6650  174.6930  174.7290  174.7660  174.7830  174.8140
sd          3.4881    3.4778    3.4835    3.4588    3.4582    3.4583    3.4475
                                                                              
Sites    1124.0000 1125.0000 1126.0000 1127.0000 1128.0000 1129.0000 1130.0000
Richness  174.8580  174.9090  174.9410  174.9810  175.0130  175.0430  175.0760
sd          3.4455    3.4491    3.4391    3.4404    3.4314    3.4265    3.4267
                                                                            
Sites    1131.0000 1132.0000 1133.000 1134.0000 1135.0000 1136.0000 1137.000
Richness  175.1080  175.1380  175.188  175.2210  175.2530  175.2960  175.330
sd          3.4217    3.4262    3.413    3.4061    3.4039    3.3947    3.391
                                                                              
Sites    1138.0000 1139.0000 1140.0000 1141.0000 1142.0000 1143.0000 1144.0000
Richness  175.3720  175.3950  175.4220  175.4520  175.4950  175.5340  175.5780
sd          3.3963    3.3983    3.3878    3.3848    3.3739    3.3648    3.3549
                                                                             
Sites    1145.0000 1146.0000 1147.0000 1148.0000 1149.000 1150.0000 1151.0000
Richness  175.6070  175.6480  175.6850  175.7190  175.760  175.7850  175.8260
sd          3.3523    3.3339    3.3155    3.2956    3.288    3.2814    3.2773
                                                                              
Sites    1152.0000 1153.0000 1154.0000 1155.0000 1156.0000 1157.0000 1158.0000
Richness  175.8560  175.8950  175.9240  175.9520  175.9910  176.0270  176.0510
sd          3.2757    3.2706    3.2718    3.2555    3.2508    3.2528    3.2436
                                                                              
Sites    1159.0000 1160.0000 1161.0000 1162.0000 1163.0000 1164.0000 1165.0000
Richness  176.0800  176.1100  176.1370  176.1580  176.1960  176.2220  176.2480
sd          3.2438    3.2438    3.2454    3.2492    3.2361    3.2291    3.2312
                                                                             
Sites    1166.0000 1167.0000 1168.0000 1169.000 1170.0000 1171.0000 1172.0000
Richness  176.2810  176.3080  176.3410  176.381  176.4140  176.4490  176.4850
sd          3.2259    3.2183    3.1998    3.200    3.1951    3.2074    3.1975
                                                                              
Sites    1173.0000 1174.0000 1175.0000 1176.0000 1177.0000 1178.0000 1179.0000
Richness  176.5140  176.5430  176.5770  176.6080  176.6430  176.6690  176.6980
sd          3.1922    3.1856    3.1645    3.1506    3.1438    3.1403    3.1408
                                                                              
Sites    1180.0000 1181.0000 1182.0000 1183.0000 1184.0000 1185.0000 1186.0000
Richness  176.7210  176.7570  176.7830  176.8120  176.8430  176.8730  176.9060
sd          3.1488    3.1317    3.1301    3.1309    3.1248    3.1123    3.1092
                                                                              
Sites    1187.0000 1188.0000 1189.0000 1190.0000 1191.0000 1192.0000 1193.0000
Richness  176.9390  176.9710  177.0140  177.0490  177.0790  177.1010  177.1470
sd          3.1034    3.1048    3.0925    3.0955    3.0881    3.0813    3.0572
                                                                              
Sites    1194.0000 1195.0000 1196.0000 1197.0000 1198.0000 1199.0000 1200.0000
Richness  177.1740  177.2020  177.2390  177.2730  177.2910  177.3340  177.3670
sd          3.0504    3.0493    3.0455    3.0407    3.0367    3.0242    3.0301
                                                                             
Sites    1201.0000 1202.000 1203.0000 1204.0000 1205.0000 1206.0000 1207.0000
Richness  177.4100  177.443  177.4870  177.5100  177.5380  177.5650  177.5860
sd          3.0071    3.010    3.0068    2.9915    2.9926    2.9958    2.9839
                                                                              
Sites    1208.0000 1209.0000 1210.0000 1211.0000 1212.0000 1213.0000 1214.0000
Richness  177.6300  177.6690  177.7040  177.7380  177.7730  177.7970  177.8380
sd          2.9759    2.9712    2.9701    2.9685    2.9638    2.9585    2.9473
                                                                              
Sites    1215.0000 1216.0000 1217.0000 1218.0000 1219.0000 1220.0000 1221.0000
Richness  177.8670  177.8930  177.9360  177.9690  178.0020  178.0390  178.0640
sd          2.9455    2.9404    2.9286    2.9152    2.9059    2.8955    2.8855
                                                                             
Sites    1222.0000 1223.0000 1224.0000 1225.0000 1226.000 1227.0000 1228.0000
Richness  178.1040  178.1240  178.1490  178.1870  178.208  178.2410  178.2670
sd          2.8771    2.8808    2.8805    2.8737    2.870    2.8511    2.8583
                                                                            
Sites    1229.0000 1230.000 1231.0000 1232.000 1233.0000 1234.0000 1235.0000
Richness  178.3020  178.329  178.3580  178.390  178.4270  178.4680  178.4890
sd          2.8588    2.862    2.8552    2.839    2.8197    2.8119    2.8128
                                                                              
Sites    1236.0000 1237.0000 1238.0000 1239.0000 1240.0000 1241.0000 1242.0000
Richness  178.5170  178.5450  178.5830  178.6080  178.6300  178.6600  178.6910
sd          2.7981    2.8018    2.7998    2.7965    2.7894    2.7846    2.7776
                                                                              
Sites    1243.0000 1244.0000 1245.0000 1246.0000 1247.0000 1248.0000 1249.0000
Richness  178.7260  178.7620  178.7940  178.8260  178.8600  178.8930  178.9200
sd          2.7728    2.7751    2.7708    2.7665    2.7626    2.7534    2.7447
                                                                            
Sites    1250.0000 1251.000 1252.0000 1253.0000 1254.0000 1255.000 1256.0000
Richness  178.9550  178.984  179.0050  179.0380  179.0720  179.108  179.1340
sd          2.7427    2.737    2.7266    2.7022    2.6989    2.694    2.6906
                                                                              
Sites    1257.0000 1258.0000 1259.0000 1260.0000 1261.0000 1262.0000 1263.0000
Richness  179.1710  179.1970  179.2260  179.2750  179.3050  179.3370  179.3680
sd          2.6987    2.6992    2.6904    2.6711    2.6637    2.6439    2.6525
                                                                             
Sites    1264.0000 1265.0000 1266.0000 1267.0000 1268.0000 1269.000 1270.0000
Richness  179.4000  179.4230  179.4560  179.4860  179.5200  179.554  179.5760
sd          2.6558    2.6399    2.6296    2.6155    2.6058    2.603    2.6013
                                                                              
Sites    1271.0000 1272.0000 1273.0000 1274.0000 1275.0000 1276.0000 1277.0000
Richness  179.6060  179.6400  179.6690  179.7150  179.7430  179.7820  179.8100
sd          2.5937    2.5883    2.5784    2.5637    2.5576    2.5618    2.5574
                                                                              
Sites    1278.0000 1279.0000 1280.0000 1281.0000 1282.0000 1283.0000 1284.0000
Richness  179.8300  179.8620  179.8890  179.9240  179.9470  179.9680  180.0040
sd          2.5506    2.5411    2.5387    2.5173    2.5291    2.5313    2.5196
                                                                              
Sites    1285.0000 1286.0000 1287.0000 1288.0000 1289.0000 1290.0000 1291.0000
Richness  180.0230  180.0540  180.0790  180.1080  180.1420  180.1730  180.2030
sd          2.5173    2.4991    2.4861    2.4804    2.4718    2.4615    2.4511
                                                                             
Sites    1292.0000 1293.0000 1294.0000 1295.000 1296.0000 1297.0000 1298.0000
Richness  180.2330  180.2630  180.2870  180.313  180.3380  180.3730  180.4050
sd          2.4427    2.4433    2.4447    2.446    2.4437    2.4281    2.4209
                                                                             
Sites    1299.000 1300.0000 1301.0000 1302.0000 1303.0000 1304.0000 1305.0000
Richness  180.431  180.4520  180.4740  180.5090  180.5470  180.5790  180.5990
sd          2.416    2.4178    2.4173    2.4083    2.4099    2.4132    2.4058
                                                                             
Sites    1306.0000 1307.0000 1308.0000 1309.000 1310.0000 1311.0000 1312.0000
Richness  180.6270  180.6530  180.6750  180.703  180.7290  180.7570  180.7920
sd          2.4095    2.3963    2.3894    2.383    2.3768    2.3811    2.3631
                                                                             
Sites    1313.0000 1314.0000 1315.0000 1316.000 1317.0000 1318.0000 1319.0000
Richness  180.8300  180.8700  180.8940  180.914  180.9370  180.9610  180.9850
sd          2.3568    2.3475    2.3448    2.338    2.3351    2.3257    2.3143
                                                                             
Sites    1320.0000 1321.0000 1322.0000 1323.0000 1324.0000 1325.000 1326.0000
Richness  181.0240  181.0580  181.0810  181.1180  181.1360  181.166  181.1980
sd          2.2945    2.2711    2.2679    2.2608    2.2629    2.260    2.2476
                                                                            
Sites    1327.0000 1328.0000 1329.000 1330.0000 1331.000 1332.0000 1333.0000
Richness  181.2330  181.2770  181.297  181.3160  181.345  181.3700  181.3980
sd          2.2449    2.2292    2.223    2.2179    2.207    2.2023    2.1928
                                                                              
Sites    1334.0000 1335.0000 1336.0000 1337.0000 1338.0000 1339.0000 1340.0000
Richness  181.4270  181.4610  181.4880  181.5050  181.5340  181.5580  181.5920
sd          2.1812    2.1784    2.1782    2.1773    2.1692    2.1544    2.1471
                                                                             
Sites    1341.0000 1342.0000 1343.0000 1344.0000 1345.0000 1346.000 1347.0000
Richness  181.6210  181.6540  181.6820  181.7100  181.7420  181.769  181.7890
sd          2.1349    2.1239    2.1226    2.1143    2.1166    2.109    2.0988
                                                                              
Sites    1348.0000 1349.0000 1350.0000 1351.0000 1352.0000 1353.0000 1354.0000
Richness  181.8130  181.8410  181.8580  181.8790  181.8960  181.9220  181.9520
sd          2.0915    2.0818    2.0823    2.0772    2.0643    2.0626    2.0533
                                                                             
Sites    1355.0000 1356.000 1357.0000 1358.0000 1359.0000 1360.0000 1361.0000
Richness  181.9810  182.003  182.0310  182.0620  182.0870  182.1220  182.1450
sd          2.0432    2.033    2.0244    1.9975    1.9883    1.9771    1.9672
                                                                            
Sites    1362.0000 1363.0000 1364.000 1365.000 1366.0000 1367.0000 1368.0000
Richness  182.1590  182.1790  182.213  182.249  182.2710  182.2940  182.3260
sd          1.9702    1.9644    1.962    1.948    1.9384    1.9249    1.9004
                                                                           
Sites    1369.0000 1370.0000 1371.000 1372.0000 1373.000 1374.000 1375.0000
Richness  182.3490  182.3750  182.422  182.4430  182.462  182.502  182.5290
sd          1.8796    1.8649    1.847    1.8461    1.833    1.802    1.7996
                                                                              
Sites    1376.0000 1377.0000 1378.0000 1379.0000 1380.0000 1381.0000 1382.0000
Richness  182.5580  182.5900  182.6180  182.6430  182.6850  182.7050  182.7350
sd          1.8033    1.7903    1.7797    1.7728    1.7507    1.7433    1.7297
                                                                            
Sites    1383.0000 1384.000 1385.0000 1386.000 1387.0000 1388.0000 1389.0000
Richness  182.7640  182.787  182.8150  182.846  182.8730  182.9010  182.9240
sd          1.7191    1.706    1.6916    1.679    1.6684    1.6601    1.6634
                                                                             
Sites    1390.0000 1391.0000 1392.0000 1393.0000 1394.000 1395.0000 1396.0000
Richness  182.9610  182.9970  183.0420  183.0630  183.090  183.1250  183.1580
sd          1.6614    1.6528    1.6214    1.6105    1.612    1.6087    1.5873
                                                                              
Sites    1397.0000 1398.0000 1399.0000 1400.0000 1401.0000 1402.0000 1403.0000
Richness  183.1810  183.2060  183.2300  183.2440  183.2660  183.2900  183.3140
sd          1.5795    1.5576    1.5477    1.5326    1.5289    1.5133    1.5072
                                                                             
Sites    1404.0000 1405.0000 1406.0000 1407.0000 1408.000 1409.0000 1410.0000
Richness  183.3380  183.3750  183.4060  183.4340  183.461  183.4950  183.5300
sd          1.4973    1.4807    1.4769    1.4607    1.450    1.4149    1.3982
                                                                              
Sites    1411.0000 1412.0000 1413.0000 1414.0000 1415.0000 1416.0000 1417.0000
Richness  183.5590  183.5870  183.6120  183.6400  183.6740  183.7000  183.7330
sd          1.3836    1.3654    1.3555    1.3372    1.3105    1.3053    1.2897
                                                                            
Sites    1418.0000 1419.000 1420.000 1421.0000 1422.0000 1423.0000 1424.0000
Richness  183.7580  183.791  183.822  183.8470  183.8800  183.9160  183.9410
sd          1.2849    1.281    1.272    1.2622    1.2511    1.2249    1.2095
                                                                              
Sites    1425.0000 1426.0000 1427.0000 1428.0000 1429.0000 1430.0000 1431.0000
Richness  183.9750  184.0050  184.0270  184.0500  184.0810  184.1120  184.1430
sd          1.1865    1.1646    1.1557    1.1396    1.1233    1.1021    1.0953
                                                                           
Sites    1432.0000 1433.0000 1434.000 1435.000 1436.0000 1437.0000 1438.000
Richness  184.1830  184.2160  184.241  184.266  184.2940  184.3310  184.361
sd          1.0857    1.0585    1.044    1.017    1.0043    0.9677    0.940
                                                                             
Sites    1439.000 1440.0000 1441.0000 1442.0000 1443.0000 1444.0000 1445.0000
Richness  184.393  184.4170  184.4460  184.4760  184.5060  184.5360  184.5640
sd          0.926    0.9066    0.8763    0.8557    0.8383    0.8132    0.7903
                                                                              
Sites    1446.0000 1447.0000 1448.0000 1449.0000 1450.0000 1451.0000 1452.0000
Richness  184.5850  184.6110  184.6370  184.6700  184.6980  184.7110  184.7410
sd          0.7716    0.7485    0.7195    0.6794    0.6444    0.6339    0.5969
                                                                           
Sites    1453.0000 1454.0000 1455.0000 1456.0000 1457.000 1458.000 1459.000
Richness  184.7660  184.7950  184.8230  184.8470  184.878  184.895  184.912
sd          0.5671    0.5265    0.4939    0.4558    0.409    0.377    0.347
                                           
Sites    1460.0000 1461.0000 1462.0000 1463
Richness  184.9310  184.9600  184.9810  185
sd          0.3136    0.2418    0.1808    0
